wuf100-0102-A 410 1 -2 3 4 -5 -6 -7 -8 -9 10 -11 -12 13 -14 15 -16 -17 18 -19 -20 -21 22 23 24 -25 -26 -27 28 29 30 -31 32 -33 -34 -35 -36 -37 38 39 -40 -41 -42 43 44 45 46 -47 48 -49 -50 -51 -52 53 -54 -55 56 -57 58 -59 60 61 -62 63 64 65 66 67 -68 -69 70 71 -72 73 74 75 76 77 78 79 -80 -81 -82 -83 -84 -85 86 -87 -88 -89 -90 -91 -92 93 94 -95 96 97 -98 99 100 0
wuf100-0103-A 434 -1 2 3 4 -5 6 7 -8 9 -10 11 12 -13 14 -15 16 -17 -18 -19 -20 -21 22 23 24 -25 26 -27 28 -29 30 -31 -32 -33 -34 -35 -36 -37 38 -39 40 41 -42 -43 -44 -45 -46 47 48 -49 -50 -51 52 -53 54 55 56 57 58 59 -60 61 62 63 -64 65 66 67 -68 69 70 71 -72 73 -74 75 -76 77 78 79 80 81 82 -83 84 85 -86 -87 88 -89 -90 91 92 -93 94 95 -96 -97 -98 -99 -100 0
wuf100-0104-A 365 -1 -2 -3 4 -5 6 -7 -8 -9 -10 11 -12 13 14 15 16 17 -18 19 20 21 -22 23 24 25 26 -27 28 -29 30 31 -32 33 -34 -35 -36 -37 -38 39 -40 -41 -42 -43 -44 45 -46 -47 48 49 -50 51 52 -53 -54 55 -56 -57 -58 -59 -60 61 62 -63 -64 65 -66 67 -68 -69 -70 71 -72 -73 -74 75 -76 77 78 -79 -80 -81 -82 -83 84 -85 86 -87 -88 -89 -90 91 -92 93 -94 95 -96 97 -98 99 -100 0
wuf100-0107-A 381 -1 2 -3 -4 -5 -6 7 8 -9 -10 11 -12 13 14 -15 -16 -17 -18 -19 20 -21 22 -23 24 25 -26 27 -28 29 -30 -31 -32 -33 -34 35 36 -37 38 39 -40 -41 -42 -43 44 45 -46 -47 -48 -49 -50 51 -52 -53 54 -55 -56 57 -58 -59 60 61 62 63 64 65 66 67 -68 69 70 -71 -72 -73 -74 75 -76 -77 78 79 -80 81 -82 83 -84 -85 -86 87 88 89 90 -91 -92 -93 94 95 -96 -97 98 -99 -100 0
wuf100-0116-A 387 1 -2 3 -4 5 6 7 -8 9 10 -11 -12 13 14 -15 16 17 18 -19 -20 21 -22 23 -24 -25 26 -27 -28 -29 30 -31 -32 33 34 35 -36 -37 38 39 -40 -41 42 43 -44 45 46 47 -48 -49 -50 51 52 53 54 55 -56 57 -58 59 60 61 62 63 64 65 -66 67 -68 69 -70 -71 72 -73 -74 75 76 77 78 79 -80 -81 -82 83 84 -85 86 -87 -88 89 -90 -91 92 -93 -94 -95 96 -97 -98 99 -100 0
wuf100-0120-A 432 -1 -2 3 -4 -5 6 7 -8 -9 10 11 12 13 -14 15 16 -17 18 -19 20 -21 22 -23 24 -25 26 27 28 29 -30 31 32 33 34 -35 36 37 -38 -39 -40 -41 -42 43 44 -45 -46 47 -48 49 50 51 -52 53 -54 55 56 57 58 59 -60 -61 -62 -63 64 65 66 -67 68 69 -70 -71 72 -73 -74 75 -76 -77 -78 79 80 -81 82 -83 -84 85 86 -87 -88 89 90 -91 92 93 94 95 -96 -97 98 99 100 0
wuf100-0121-A 401 1 -2 -3 4 5 -6 7 8 9 -10 11 12 13 -14 -15 16 17 -18 19 20 -21 -22 23 -24 -25 -26 27 -28 -29 -30 31 -32 -33 -34 -35 -36 37 38 -39 40 -41 42 -43 44 45 46 47 48 -49 -50 51 -52 -53 54 55 56 57 -58 -59 -60 61 -62 63 64 65 66 67 68 -69 70 71 72 -73 -74 -75 76 77 78 -79 -80 -81 82 -83 84 -85 -86 -87 -88 89 -90 -91 92 -93 94 -95 -96 -97 98 -99 -100 0
wuf100-0125-A 441 -1 2 3 4 5 6 7 8 9 -10 -11 12 -13 14 -15 -16 -17 -18 -19 20 21 -22 -23 -24 25 -26 -27 28 -29 30 -31 -32 33 34 35 -36 37 38 -39 40 41 42 43 44 45 46 47 -48 49 -50 -51 -52 53 -54 -55 56 57 58 -59 60 -61 62 -63 -64 -65 66 67 68 -69 70 71 72 -73 74 -75 -76 77 78 79 80 -81 82 83 84 85 -86 87 -88 89 -90 -91 92 -93 94 -95 -96 97 -98 -99 100 0
wuf100-0133-A 392 -1 -2 3 -4 -5 -6 -7 8 9 10 -11 -12 -13 -14 -15 -16 17 18 19 -20 21 22 23 -24 25 26 27 -28 -29 30 -31 -32 -33 34 -35 -36 37 -38 -39 -40 41 -42 43 44 -45 -46 47 48 -49 50 -51 52 -53 54 -55 -56 -57 -58 59 60 61 62 -63 64 65 -66 -67 -68 69 70 71 72 -73 74 -75 76 -77 78 -79 -80 81 -82 83 -84 85 -86 87 88 89 90 -91 -92 -93 94 95 -96 -97 98 99 -100 0
wuf100-0142-A 502 -1 2 3 -4 5 6 7 8 9 10 -11 12 13 14 -15 -16 -17 -18 -19 20 -21 22 23 24 25 26 27 -28 29 30 -31 32 33 34 -35 36 37 38 -39 40 41 -42 43 -44 -45 -46 47 48 -49 50 -51 52 53 54 55 56 57 -58 59 60 61 62 63 -64 -65 66 67 -68 -69 70 71 -72 73 74 -75 -76 77 -78 79 80 -81 -82 -83 -84 -85 -86 87 88 89 90 91 -92 -93 -94 -95 -96 -97 98 99 100 0
wuf100-0159-A 356 -1 2 3 -4 5 -6 -7 8 -9 10 -11 12 -13 14 15 -16 -17 18 19 -20 -21 -22 23 24 25 26 -27 -28 -29 -30 -31 -32 -33 34 -35 -36 -37 38 -39 40 -41 42 -43 -44 45 -46 47 48 -49 50 -51 -52 -53 -54 -55 -56 -57 -58 59 -60 61 62 63 -64 -65 -66 67 -68 -69 70 71 -72 -73 -74 -75 -76 77 78 -79 80 81 -82 -83 84 -85 86 -87 -88 89 -90 -91 -92 -93 94 -95 -96 -97 98 -99 100 0
wuf100-0168-A 374 1 2 -3 -4 5 -6 7 -8 -9 -10 -11 12 -13 -14 15 -16 -17 18 19 20 -21 22 -23 -24 25 26 -27 28 29 30 31 -32 -33 -34 -35 -36 -37 -38 39 -40 -41 42 43 44 -45 -46 -47 48 49 50 -51 52 -53 54 55 56 57 58 59 -60 -61 62 -63 -64 65 -66 67 -68 69 70 71 -72 -73 -74 75 -76 -77 -78 79 80 -81 82 -83 84 85 86 87 88 -89 -90 91 92 93 -94 -95 -96 -97 -98 -99 100 0
wuf100-017-A 378 1 2 3 4 -5 6 -7 -8 -9 -10 11 12 -13 -14 -15 -16 -17 -18 -19 -20 -21 22 -23 -24 25 26 27 -28 29 30 -31 32 33 -34 35 36 -37 -38 39 40 41 42 43 -44 -45 46 47 48 -49 -50 51 52 53 54 55 56 57 58 -59 -60 -61 62 63 -64 -65 66 67 68 69 -70 -71 72 -73 -74 75 -76 -77 78 -79 -80 81 82 83 84 85 -86 -87 88 -89 -90 91 -92 93 94 -95 96 97 98 -99 -100 0
wuf100-0173-A 473 -1 2 3 -4 -5 6 7 8 -9 10 -11 -12 13 -14 -15 16 -17 18 19 20 21 -22 23 24 -25 -26 27 28 -29 30 31 -32 33 -34 35 36 -37 38 39 -40 -41 -42 -43 44 -45 46 47 48 -49 -50 -51 52 -53 54 55 56 57 58 59 -60 61 62 -63 64 -65 66 67 -68 69 -70 -71 72 73 74 -75 76 77 78 -79 -80 81 82 83 84 -85 -86 87 88 -89 90 91 92 93 94 -95 96 97 -98 -99 100 0
wuf100-0191-A 448 1 2 3 4 5 -6 7 -8 -9 10 11 12 -13 14 -15 -16 -17 18 19 -20 21 -22 -23 24 25 26 -27 28 -29 -30 -31 32 -33 -34 -35 -36 -37 38 -39 40 -41 42 43 44 45 46 -47 -48 -49 -50 51 -52 -53 54 55 56 -57 -58 -59 -60 61 -62 -63 64 -65 66 67 68 69 -70 71 72 -73 74 -75 76 -77 -78 -79 -80 81 -82 83 84 -85 86 -87 -88 89 -90 91 92 -93 94 -95 96 -97 -98 99 -100 0
wuf100-0194-A 363 -1 -2 3 -4 5 6 7 -8 -9 10 -11 12 -13 -14 -15 -16 17 18 19 20 -21 22 -23 24 25 -26 -27 28 -29 30 31 -32 -33 34 35 -36 37 38 -39 -40 -41 -42 43 44 45 46 -47 48 -49 50 51 52 -53 -54 55 56 57 -58 -59 -60 61 62 63 -64 65 66 -67 -68 -69 -70 -71 -72 -73 -74 -75 76 77 -78 -79 -80 -81 -82 83 84 -85 -86 -87 -88 -89 -90 -91 92 -93 -94 -95 96 97 98 -99 100 0
wuf100-02-A 385 1 -2 -3 4 -5 -6 7 -8 -9 -10 11 -12 13 14 -15 16 -17 18 -19 20 21 -22 -23 -24 -25 -26 -27 28 -29 30 31 -32 33 34 -35 36 -37 38 -39 -40 -41 -42 43 -44 -45 46 -47 -48 -49 50 -51 52 -53 54 -55 56 -57 58 -59 60 61 -62 -63 -64 65 66 67 -68 69 -70 -71 -72 -73 74 75 76 77 78 -79 80 81 -82 83 84 -85 86 -87 -88 -89 -90 -91 92 93 -94 -95 96 -97 -98 -99 100 0
wuf100-020-A 463 -1 2 3 -4 5 6 7 -8 9 -10 11 12 -13 14 15 16 -17 18 -19 -20 -21 -22 -23 24 25 26 27 -28 -29 30 -31 32 -33 -34 35 -36 37 38 -39 40 -41 42 43 44 -45 -46 47 48 49 -50 51 -52 53 54 -55 56 -57 -58 -59 60 -61 -62 63 64 -65 -66 67 -68 69 70 -71 72 -73 74 -75 76 77 78 -79 80 81 -82 -83 -84 85 86 -87 88 89 90 -91 92 93 -94 -95 96 -97 98 99 100 0
wuf100-0213-A 401 1 2 3 -4 -5 6 7 8 -9 10 11 12 -13 -14 15 -16 -17 18 -19 20 21 22 -23 -24 -25 26 -27 -28 -29 -30 31 -32 -33 34 35 36 37 38 39 40 -41 42 43 44 -45 46 -47 -48 49 50 -51 -52 53 -54 -55 -56 57 58 -59 -60 -61 -62 -63 64 -65 66 67 68 -69 70 -71 72 -73 74 -75 -76 77 -78 79 80 81 -82 83 84 85 -86 87 -88 89 -90 -91 92 -93 94 -95 -96 -97 -98 99 -100 0
wuf100-0214-A 362 1 2 -3 4 -5 6 7 8 -9 10 11 -12 13 14 15 16 17 18 19 -20 21 -22 -23 -24 -25 26 -27 -28 29 -30 -31 -32 -33 -34 -35 36 -37 38 39 40 41 -42 43 44 -45 46 47 48 -49 50 -51 52 53 -54 -55 -56 -57 58 -59 -60 -61 -62 -63 -64 65 66 -67 -68 69 -70 -71 -72 73 -74 -75 -76 -77 78 -79 -80 81 -82 83 84 -85 86 87 -88 -89 -90 -91 92 -93 -94 -95 -96 97 -98 99 100 0
wuf100-0217-A 400 1 -2 3 -4 -5 -6 7 -8 -9 10 -11 12 -13 14 -15 -16 17 -18 -19 -20 21 -22 -23 24 25 26 -27 28 -29 30 31 -32 -33 34 -35 -36 37 38 39 -40 -41 -42 -43 44 -45 -46 -47 48 49 50 -51 -52 53 -54 55 56 -57 -58 -59 60 61 -62 -63 -64 -65 -66 67 -68 69 70 -71 -72 73 74 -75 76 77 -78 -79 80 -81 82 -83 84 85 86 -87 -88 -89 -90 91 92 -93 94 -95 -96 97 -98 99 -100 0
wuf100-0219-A 468 -1 -2 -3 4 -5 -6 -7 8 9 -10 -11 -12 -13 -14 -15 -16 -17 18 19 -20 -21 22 -23 24 -25 26 -27 28 29 -30 -31 32 33 34 -35 36 -37 38 39 40 41 42 -43 -44 45 46 -47 -48 49 50 51 -52 53 54 55 56 -57 -58 59 -60 61 62 63 -64 -65 -66 -67 68 -69 70 -71 72 -73 -74 -75 76 77 78 79 80 81 82 83 -84 85 86 -87 88 89 90 91 92 93 -94 95 -96 97 -98 99 -100 0
wuf100-022-A 473 1 -2 3 4 5 -6 -7 8 -9 10 11 -12 13 -14 15 16 17 -18 19 -20 -21 -22 -23 24 25 -26 -27 -28 29 30 31 32 -33 34 35 -36 37 -38 39 40 41 42 -43 -44 -45 46 47 -48 49 50 51 -52 53 54 55 -56 57 58 -59 60 -61 62 -63 -64 65 66 -67 -68 -69 70 71 -72 73 -74 -75 -76 77 78 -79 -80 81 82 83 -84 85 86 -87 -88 89 -90 -91 -92 93 -94 -95 96 97 -98 99 100 0
wuf100-0220-A 489 -1 2 -3 -4 -5 6 7 -8 9 10 11 -12 13 -14 15 -16 -17 18 -19 -20 -21 22 23 -24 25 26 27 -28 -29 -30 -31 32 33 -34 -35 36 37 38 39 -40 41 -42 43 -44 -45 46 47 48 -49 50 51 -52 -53 -54 55 56 57 58 -59 60 61 -62 -63 -64 -65 66 67 -68 69 -70 -71 -72 73 -74 -75 76 77 78 79 -80 -81 82 83 84 85 86 87 88 -89 -90 91 -92 93 -94 95 -96 -97 98 99 100 0
wuf100-0223-A 481 1 -2 3 4 -5 -6 7 8 -9 10 11 -12 13 14 -15 16 -17 18 -19 -20 21 22 23 -24 25 26 -27 28 -29 -30 -31 -32 -33 34 -35 -36 -37 38 39 40 41 42 43 44 45 -46 -47 48 -49 -50 51 -52 53 54 55 56 57 -58 -59 60 -61 62 -63 -64 65 66 -67 68 -69 -70 -71 -72 73 -74 -75 -76 77 78 -79 -80 -81 82 83 -84 85 -86 87 -88 89 90 91 92 93 94 95 96 97 98 99 100 0
wuf100-0229-A 537 -1 2 3 4 -5 6 7 -8 9 10 -11 -12 -13 14 -15 -16 -17 18 19 20 21 22 23 -24 -25 26 27 28 29 30 31 32 33 -34 35 36 -37 38 39 -40 41 -42 43 -44 45 46 -47 -48 49 -50 51 -52 53 54 -55 -56 57 58 59 60 61 -62 63 64 65 -66 67 68 69 70 -71 72 -73 74 75 -76 77 78 79 80 -81 82 83 84 -85 86 87 -88 89 90 91 92 -93 -94 -95 96 -97 -98 99 100 0
wuf100-0236-A 366 -1 2 -3 -4 5 6 7 8 -9 10 -11 12 13 14 15 16 17 -18 19 -20 -21 -22 23 -24 25 -26 -27 -28 29 -30 -31 32 -33 -34 35 -36 -37 -38 39 40 41 42 -43 44 -45 46 47 48 -49 -50 -51 -52 53 54 -55 -56 57 58 -59 60 61 62 -63 64 65 66 -67 68 -69 -70 -71 72 73 -74 -75 76 -77 78 -79 80 81 -82 83 -84 -85 -86 -87 -88 89 90 91 92 -93 -94 95 -96 97 98 99 -100 0
wuf100-0238-A 425 -1 2 -3 4 5 6 -7 8 9 10 11 12 -13 -14 15 -16 17 -18 19 20 -21 -22 -23 -24 -25 -26 -27 -28 29 -30 31 32 -33 -34 -35 -36 -37 -38 39 -40 41 42 43 -44 45 46 47 -48 -49 -50 -51 52 -53 -54 -55 56 -57 58 59 -60 61 62 -63 64 -65 -66 -67 68 69 70 -71 72 73 74 75 -76 77 78 79 -80 81 82 -83 -84 85 86 87 -88 -89 -90 91 92 93 94 95 -96 97 -98 -99 -100 0
wuf100-0243-A 514 1 2 3 4 5 6 7 8 9 10 -11 -12 -13 14 -15 16 -17 18 19 20 21 -22 23 24 -25 -26 27 28 29 -30 -31 32 -33 34 -35 36 37 38 -39 -40 -41 -42 -43 -44 45 -46 -47 48 49 -50 51 52 53 -54 55 56 -57 -58 59 60 -61 -62 -63 -64 -65 -66 67 68 69 -70 71 72 73 -74 -75 76 77 78 -79 80 -81 82 -83 84 -85 86 87 -88 -89 -90 91 92 93 94 95 96 97 -98 -99 100 0
wuf100-0246-A 374 1 -2 -3 -4 -5 6 7 -8 -9 10 11 12 -13 14 -15 -16 17 18 -19 20 -21 22 -23 24 -25 26 27 -28 29 -30 -31 32 33 34 -35 -36 -37 -38 39 40 41 -42 43 44 45 46 47 -48 49 -50 -51 -52 53 54 55 -56 57 58 59 60 -61 -62 -63 -64 -65 66 67 68 -69 70 71 72 73 -74 75 76 -77 78 -79 -80 -81 -82 -83 -84 -85 -86 -87 88 89 90 -91 -92 -93 -94 -95 -96 -97 -98 -99 100 0
wuf100-0247-A 406 1 -2 -3 -4 -5 -6 -7 8 -9 10 -11 12 13 14 -15 -16 -17 -18 -19 20 -21 22 -23 24 -25 26 27 -28 29 -30 31 32 -33 34 -35 -36 37 -38 -39 -40 41 -42 -43 44 45 46 -47 -48 -49 50 51 52 53 -54 55 -56 -57 58 59 -60 -61 -62 63 64 -65 -66 67 68 -69 70 71 -72 -73 -74 75 -76 -77 -78 -79 -80 81 -82 -83 84 85 -86 87 88 -89 -90 91 -92 -93 -94 -95 96 97 98 99 -100 0
wuf100-0250-A 407 -1 -2 -3 -4 -5 -6 -7 -8 9 -10 11 12 13 14 15 -16 -17 18 -19 -20 21 22 -23 24 25 26 27 -28 29 30 31 -32 33 -34 35 -36 37 -38 39 40 41 -42 -43 44 45 46 -47 -48 -49 -50 51 52 53 54 55 -56 57 58 -59 60 61 -62 -63 64 65 66 -67 -68 69 -70 -71 -72 -73 74 -75 76 -77 -78 -79 -80 -81 -82 -83 84 85 -86 -87 88 89 -90 -91 -92 -93 -94 95 -96 -97 98 -99 -100 0
wuf100-0253-A 385 -1 -2 -3 4 -5 6 -7 -8 9 10 11 -12 -13 -14 15 -16 17 18 -19 -20 21 22 -23 24 25 -26 -27 -28 -29 -30 31 -32 -33 34 -35 -36 37 38 39 -40 41 42 43 -44 -45 46 -47 48 -49 50 51 -52 53 -54 55 56 57 -58 59 -60 -61 -62 63 64 -65 -66 -67 -68 -69 -70 71 72 73 74 75 76 77 78 -79 -80 81 -82 83 84 -85 86 87 88 89 -90 91 92 -93 -94 -95 -96 97 98 -99 -100 0
wuf100-0255-A 459 -1 -2 3 -4 5 6 7 -8 9 -10 -11 12 13 14 -15 -16 -17 18 19 -20 21 22 -23 -24 -25 -26 27 28 -29 -30 31 32 -33 34 35 -36 37 -38 -39 -40 -41 42 43 -44 45 46 -47 48 49 -50 51 52 -53 54 55 -56 -57 58 -59 -60 -61 62 63 -64 65 -66 67 -68 69 70 -71 72 73 -74 75 76 77 78 79 -80 -81 82 83 84 -85 86 87 -88 89 -90 -91 -92 -93 -94 95 -96 -97 98 99 -100 0
wuf100-026-A 534 -1 2 3 4 5 -6 -7 -8 9 10 11 12 13 -14 -15 -16 17 -18 19 -20 -21 22 23 -24 25 26 27 28 29 -30 -31 -32 -33 -34 35 -36 -37 38 -39 40 -41 42 43 44 45 46 47 -48 49 -50 51 52 -53 54 -55 -56 57 -58 59 60 61 62 63 64 65 66 67 -68 69 70 71 -72 -73 -74 -75 76 -77 78 -79 -80 -81 -82 83 -84 85 86 87 -88 -89 -90 91 92 93 94 95 96 97 -98 99 100 0
wuf100-0263-A 467 1 2 -3 4 -5 -6 7 -8 9 -10 11 12 13 14 15 -16 17 -18 -19 20 -21 -22 23 24 -25 26 -27 -28 -29 -30 31 32 33 -34 35 36 37 -38 -39 -40 -41 -42 -43 -44 45 -46 47 48 49 -50 51 52 -53 -54 55 -56 -57 -58 59 60 61 -62 -63 64 65 66 67 68 69 -70 -71 72 -73 -74 -75 76 -77 78 79 -80 -81 -82 83 -84 -85 -86 87 88 -89 90 91 92 93 -94 -95 96 -97 98 99 -100 0
wuf100-0281-A 491 1 2 -3 4 5 6 7 8 9 10 -11 -12 13 -14 15 16 17 18 19 -20 -21 -22 23 -24 25 -26 27 28 29 30 31 32 -33 34 -35 36 -37 38 -39 -40 -41 42 -43 44 45 46 47 -48 -49 -50 51 52 53 -54 -55 -56 -57 -58 59 60 -61 62 -63 64 65 66 -67 68 -69 -70 -71 72 73 -74 75 -76 77 78 79 80 81 82 -83 -84 -85 86 87 88 -89 -90 91 92 93 -94 -95 -96 97 -98 -99 100 0
wuf100-0302-A 412 -1 -2 -3 -4 5 -6 7 -8 9 10 -11 -12 -13 -14 15 -16 17 18 -19 20 21 -22 23 24 -25 26 -27 28 -29 30 31 -32 33 34 -35 36 37 -38 39 40 41 42 43 -44 45 -46 47 -48 49 -50 51 -52 -53 54 55 56 -57 -58 -59 -60 -61 62 -63 64 65 -66 67 -68 69 -70 -71 72 73 -74 -75 76 77 -78 79 -80 81 -82 83 84 85 86 -87 -88 89 90 91 92 -93 -94 -95 96 -97 -98 99 -100 0
wuf100-0313-A 480 1 2 -3 -4 -5 6 -7 8 -9 -10 11 12 -13 14 -15 16 17 18 19 20 21 22 -23 -24 25 -26 -27 28 -29 30 31 32 33 -34 -35 36 37 -38 39 -40 -41 42 43 44 -45 46 47 -48 49 50 -51 52 53 54 -55 -56 57 58 59 60 61 62 -63 -64 -65 66 67 68 69 70 71 72 73 74 75 -76 -77 78 -79 80 -81 82 83 -84 -85 86 -87 -88 -89 -90 -91 -92 -93 94 95 96 -97 -98 -99 -100 0
wuf100-0316-A 488 1 -2 3 4 -5 6 7 8 -9 10 -11 -12 13 -14 15 16 -17 18 19 20 21 -22 -23 24 25 -26 -27 28 -29 -30 31 32 33 -34 -35 36 37 38 39 40 -41 42 -43 -44 45 -46 47 -48 49 -50 -51 52 -53 54 -55 56 57 58 -59 60 -61 -62 -63 64 65 66 67 -68 69 70 71 72 73 74 -75 -76 -77 78 79 -80 -81 82 -83 84 -85 86 -87 88 89 -90 91 -92 -93 -94 95 96 -97 98 99 100 0
wuf100-0317-A 426 1 2 -3 4 -5 -6 -7 -8 -9 10 -11 12 -13 14 15 16 17 18 -19 -20 21 -22 23 -24 -25 -26 -27 -28 29 30 31 32 -33 -34 -35 36 37 38 -39 40 -41 42 -43 -44 -45 -46 47 48 -49 50 51 52 -53 -54 55 56 -57 -58 59 60 -61 62 63 -64 -65 -66 67 68 69 -70 71 -72 -73 -74 -75 76 77 -78 79 -80 81 82 83 84 -85 86 -87 88 89 -90 91 -92 -93 -94 -95 -96 97 98 99 100 0
wuf100-0330-A 562 1 2 3 4 5 -6 7 8 9 10 11 12 -13 -14 -15 16 -17 -18 -19 20 21 -22 23 -24 -25 26 27 -28 -29 30 -31 32 -33 -34 35 -36 37 -38 39 40 41 42 -43 -44 45 46 47 48 49 50 -51 52 53 54 -55 56 57 58 59 60 61 -62 63 64 65 66 67 -68 69 70 71 72 73 74 75 76 -77 78 -79 -80 81 82 83 -84 85 86 -87 -88 89 90 91 92 -93 94 -95 -96 -97 -98 -99 -100 0
wuf100-0331-A 459 1 -2 -3 4 -5 6 7 -8 -9 -10 11 12 13 -14 15 16 17 -18 -19 -20 21 -22 23 -24 25 -26 -27 28 29 30 31 32 33 34 35 36 -37 38 39 40 41 -42 43 44 -45 -46 47 48 49 -50 51 52 -53 54 55 56 -57 -58 59 60 61 62 63 -64 65 66 -67 68 -69 70 71 72 73 -74 75 -76 77 -78 -79 -80 -81 -82 83 -84 85 -86 -87 88 -89 -90 91 -92 -93 94 95 -96 97 98 -99 -100 0
wuf100-0350-A 444 1 2 3 -4 5 -6 7 8 9 -10 -11 12 -13 14 15 -16 -17 18 19 -20 21 -22 23 -24 -25 26 -27 -28 29 -30 -31 -32 33 34 -35 36 -37 -38 -39 40 -41 -42 -43 44 45 46 -47 -48 -49 -50 51 -52 -53 -54 -55 56 57 58 59 -60 -61 -62 63 64 65 66 67 -68 69 -70 -71 72 -73 -74 75 76 77 78 -79 -80 81 -82 83 -84 -85 -86 -87 -88 89 90 -91 -92 93 -94 95 96 -97 -98 99 100 0
wuf100-0352-A 385 1 2 3 4 5 6 7 8 -9 -10 -11 -12 -13 14 15 16 -17 18 -19 -20 21 -22 -23 -24 25 -26 -27 -28 -29 -30 -31 -32 -33 34 35 36 37 38 -39 -40 41 -42 43 44 -45 -46 -47 -48 49 50 -51 52 53 -54 55 -56 -57 58 59 -60 61 -62 63 -64 65 -66 -67 68 -69 70 -71 -72 73 74 -75 -76 -77 -78 79 80 -81 82 -83 84 85 -86 -87 -88 89 -90 -91 -92 -93 94 95 -96 97 -98 -99 100 0
wuf100-0353-A 462 -1 -2 3 4 5 6 7 -8 9 10 -11 12 13 -14 15 16 -17 -18 -19 -20 21 -22 -23 24 25 -26 27 28 29 30 31 -32 33 -34 35 -36 37 38 39 40 -41 42 43 44 -45 -46 47 -48 -49 50 51 52 -53 -54 -55 56 57 -58 -59 -60 61 62 -63 64 65 -66 67 68 69 -70 71 72 -73 -74 75 76 -77 -78 79 -80 81 -82 83 84 -85 -86 -87 -88 89 90 91 -92 -93 94 95 -96 97 -98 99 100 0
wuf100-0359-A 510 1 2 -3 -4 -5 -6 -7 -8 -9 -10 11 -12 -13 -14 15 16 -17 18 19 20 -21 22 23 -24 25 26 -27 28 -29 -30 -31 32 33 -34 35 36 -37 38 39 -40 41 42 -43 44 45 46 47 -48 -49 -50 51 52 53 54 -55 56 57 -58 59 -60 -61 -62 63 -64 -65 -66 -67 68 69 70 71 -72 -73 74 75 76 77 -78 79 80 81 -82 83 84 -85 86 87 88 89 -90 -91 -92 93 -94 -95 96 97 -98 99 100 0
wuf100-0367-A 406 -1 -2 -3 4 5 -6 -7 -8 -9 10 11 12 13 14 -15 16 17 -18 19 20 21 22 -23 24 -25 -26 27 -28 29 -30 31 32 33 -34 35 36 37 38 -39 40 -41 -42 43 -44 -45 -46 47 -48 -49 -50 51 -52 53 -54 55 -56 -57 58 59 60 -61 -62 -63 64 -65 66 67 68 69 70 -71 -72 -73 74 75 76 -77 -78 -79 80 81 -82 -83 84 -85 86 87 -88 -89 -90 -91 92 93 -94 -95 96 -97 -98 99 -100 0
wuf100-0374-A 337 -1 -2 -3 4 5 -6 -7 8 9 10 11 -12 -13 14 -15 16 -17 18 19 20 -21 22 23 -24 -25 -26 -27 -28 -29 -30 -31 32 33 -34 -35 -36 37 -38 39 40 -41 42 -43 44 -45 -46 47 -48 -49 -50 51 52 -53 -54 -55 -56 57 58 59 60 -61 -62 -63 -64 -65 66 67 -68 69 70 -71 -72 73 74 75 -76 -77 -78 -79 -80 -81 -82 -83 -84 -85 86 -87 -88 -89 -90 91 92 93 -94 -95 -96 97 98 99 -100 0
wuf100-0377-A 456 1 2 -3 4 5 6 7 8 9 10 -11 12 -13 -14 15 16 17 18 19 -20 -21 -22 -23 24 -25 -26 27 28 29 -30 -31 32 -33 34 -35 36 -37 38 39 40 -41 42 43 44 -45 -46 47 -48 49 -50 51 -52 -53 54 -55 -56 57 58 -59 60 -61 62 63 -64 -65 66 -67 -68 69 -70 -71 -72 73 -74 75 76 -77 -78 -79 -80 -81 82 -83 -84 -85 86 87 88 89 90 91 -92 93 -94 95 96 -97 -98 99 -100 0
wuf100-0379-A 527 1 -2 3 4 5 6 7 -8 9 -10 11 12 -13 -14 15 -16 -17 -18 -19 -20 21 22 23 24 25 26 -27 28 29 30 31 -32 33 -34 35 36 -37 38 -39 40 41 42 43 44 45 46 47 48 -49 -50 51 -52 -53 -54 -55 56 57 -58 59 60 -61 62 63 64 -65 -66 -67 -68 -69 70 71 72 73 -74 -75 76 77 78 79 80 81 82 83 84 85 -86 -87 88 -89 90 -91 -92 -93 94 -95 96 -97 -98 99 100 0
wuf100-0390-A 474 1 -2 3 4 5 6 7 -8 9 -10 11 12 13 14 15 16 -17 18 19 -20 21 -22 -23 -24 -25 26 -27 28 -29 -30 31 32 33 34 -35 -36 -37 38 39 40 -41 42 43 -44 -45 -46 47 48 -49 50 -51 52 53 54 55 56 57 -58 -59 60 -61 -62 -63 -64 -65 66 67 68 69 70 71 72 -73 -74 75 76 -77 78 79 80 81 82 -83 -84 -85 -86 -87 -88 -89 -90 91 -92 93 -94 95 -96 97 -98 99 100 0
wuf100-0391-A 428 -1 2 3 4 5 -6 7 8 -9 10 -11 12 13 14 -15 16 -17 18 -19 -20 -21 -22 23 24 25 -26 27 -28 29 -30 -31 -32 -33 34 35 -36 37 38 39 -40 -41 -42 43 -44 45 -46 47 -48 49 -50 51 52 53 54 55 -56 57 58 59 60 -61 -62 63 -64 65 -66 -67 -68 69 -70 -71 72 73 -74 -75 -76 -77 -78 -79 -80 -81 -82 83 -84 -85 86 87 88 -89 -90 -91 -92 -93 94 95 -96 -97 -98 99 100 0
wuf100-0392-A 410 -1 2 3 4 -5 6 -7 -8 -9 -10 -11 12 -13 14 -15 16 17 18 19 20 -21 22 23 24 -25 -26 27 28 29 -30 -31 -32 33 34 -35 36 37 -38 39 40 41 -42 43 -44 -45 46 -47 -48 -49 50 51 -52 53 54 55 -56 -57 -58 59 60 -61 62 -63 -64 -65 -66 -67 -68 -69 70 -71 72 73 74 -75 -76 -77 -78 79 -80 -81 -82 -83 -84 -85 -86 87 -88 89 -90 91 92 -93 94 95 96 -97 98 -99 100 0
wuf100-0393-A 484 -1 2 -3 4 5 6 -7 8 9 10 -11 -12 -13 14 15 16 -17 18 -19 20 21 22 -23 -24 25 26 -27 28 29 -30 -31 32 -33 34 -35 36 37 38 -39 -40 41 42 43 44 45 -46 47 -48 -49 -50 51 52 -53 54 -55 56 57 -58 -59 -60 61 -62 -63 64 65 66 67 68 69 70 71 72 -73 74 75 76 -77 78 79 -80 81 -82 83 84 85 -86 87 -88 -89 90 91 -92 93 -94 95 -96 -97 98 99 -100 0
wuf100-0398-A 416 1 -2 -3 4 5 6 7 8 -9 -10 -11 12 -13 -14 -15 -16 -17 -18 -19 -20 21 22 -23 24 25 26 27 -28 29 -30 31 -32 33 -34 35 36 37 -38 -39 40 -41 42 43 44 -45 -46 -47 -48 -49 50 -51 52 53 -54 55 56 57 -58 -59 60 -61 62 63 64 65 -66 -67 68 -69 70 -71 72 73 -74 75 76 77 -78 -79 -80 81 -82 -83 -84 85 -86 -87 -88 89 -90 91 -92 93 94 95 -96 -97 -98 -99 100 0
wuf100-040-A 410 -1 2 -3 4 -5 -6 -7 -8 9 10 11 12 13 -14 -15 -16 17 -18 19 -20 21 -22 23 24 25 26 27 28 29 -30 31 32 -33 34 35 36 37 -38 39 -40 -41 -42 -43 44 45 -46 47 48 -49 -50 51 -52 -53 54 -55 56 -57 58 59 -60 -61 62 -63 64 -65 66 -67 -68 -69 70 -71 -72 73 -74 75 -76 -77 78 -79 -80 -81 -82 -83 84 85 -86 -87 88 89 -90 -91 -92 93 -94 -95 96 97 -98 -99 100 0
wuf100-0402-A 414 1 2 -3 -4 5 6 7 -8 -9 -10 -11 -12 13 14 -15 -16 17 18 -19 -20 -21 -22 23 24 -25 26 -27 28 -29 -30 -31 -32 33 34 -35 -36 37 38 39 40 -41 42 -43 -44 -45 -46 -47 48 49 -50 -51 52 -53 54 -55 56 57 58 59 60 61 62 -63 64 65 -66 67 -68 -69 -70 -71 72 -73 -74 75 76 -77 -78 79 -80 81 82 -83 -84 85 -86 87 88 89 -90 91 -92 -93 94 95 96 97 -98 99 -100 0
wuf100-0405-A 423 1 2 -3 4 -5 6 7 -8 -9 10 -11 -12 -13 14 15 16 -17 18 -19 20 21 22 23 -24 25 -26 27 -28 29 -30 -31 -32 33 34 35 -36 -37 -38 39 40 -41 42 -43 -44 45 46 47 -48 49 -50 51 52 -53 54 -55 -56 57 -58 -59 60 -61 -62 63 64 -65 66 67 68 -69 -70 71 -72 -73 74 75 -76 -77 -78 -79 80 81 -82 -83 84 85 -86 -87 88 89 -90 91 -92 93 -94 95 -96 97 -98 -99 -100 0
wuf100-0407-A 455 -1 2 3 4 -5 -6 -7 8 -9 -10 11 -12 -13 14 15 -16 17 18 -19 -20 -21 -22 -23 -24 25 -26 -27 28 29 30 31 -32 33 -34 -35 -36 -37 38 39 -40 41 42 -43 -44 -45 -46 -47 -48 -49 -50 -51 52 53 54 -55 -56 -57 58 59 -60 -61 62 -63 64 65 66 67 -68 69 -70 71 72 73 74 -75 -76 -77 78 79 -80 81 -82 83 84 -85 86 -87 -88 89 90 91 92 93 94 -95 -96 97 -98 -99 100 0
wuf100-0409-A 513 -1 2 -3 4 5 6 -7 8 -9 10 -11 12 -13 14 15 -16 -17 18 -19 20 21 22 -23 24 25 -26 27 28 29 -30 31 32 -33 -34 35 -36 37 38 -39 -40 -41 -42 -43 44 45 -46 -47 48 49 50 51 52 -53 54 55 56 57 -58 59 60 -61 62 63 64 -65 -66 67 -68 -69 70 71 72 73 74 75 -76 77 -78 79 80 -81 82 -83 84 85 86 -87 -88 89 -90 -91 92 93 94 95 96 97 98 99 100 0
wuf100-0416-A 441 -1 -2 3 -4 5 6 -7 8 9 10 11 -12 13 -14 15 16 17 18 19 20 21 22 -23 24 -25 26 27 -28 -29 -30 -31 32 33 -34 -35 36 37 38 39 40 -41 42 43 -44 -45 46 -47 -48 49 50 51 -52 53 -54 -55 -56 -57 -58 -59 -60 -61 -62 -63 -64 65 -66 -67 -68 -69 70 -71 72 73 74 -75 -76 77 -78 -79 80 81 -82 -83 84 -85 86 -87 -88 -89 90 91 -92 -93 94 -95 96 97 -98 -99 100 0
wuf100-0424-A 429 1 2 3 4 -5 -6 7 8 -9 10 11 -12 13 -14 15 16 17 18 -19 -20 21 22 23 -24 -25 26 27 -28 29 -30 31 -32 -33 34 35 -36 37 -38 39 -40 41 -42 -43 44 45 -46 47 48 -49 -50 51 52 -53 54 55 -56 -57 -58 -59 -60 -61 -62 63 64 -65 66 67 -68 -69 70 71 72 73 74 75 76 77 -78 79 -80 81 82 83 -84 85 86 -87 88 89 90 91 -92 93 -94 95 96 -97 -98 99 -100 0
wuf100-0425-A 459 1 -2 -3 -4 5 6 7 8 9 -10 -11 12 -13 14 15 -16 17 18 19 -20 -21 -22 23 24 25 26 -27 -28 29 30 31 32 -33 34 -35 -36 -37 -38 -39 -40 41 42 -43 44 45 46 47 -48 49 50 -51 52 -53 54 55 -56 -57 -58 59 60 -61 62 -63 64 -65 66 67 -68 69 70 -71 72 -73 -74 -75 -76 -77 -78 -79 80 81 82 -83 -84 85 -86 87 88 89 90 -91 92 93 94 95 96 -97 -98 -99 -100 0
wuf100-0436-A 472 -1 2 3 4 5 -6 7 -8 9 -10 11 12 13 -14 -15 16 17 -18 19 -20 -21 22 23 24 -25 -26 27 28 29 30 31 32 -33 -34 35 -36 37 38 -39 -40 41 42 43 44 -45 46 -47 -48 49 -50 51 52 53 -54 55 -56 -57 -58 -59 60 -61 62 63 64 -65 -66 -67 68 -69 -70 -71 72 -73 74 -75 76 -77 78 -79 -80 81 82 83 84 85 86 -87 88 -89 -90 91 92 93 94 -95 -96 97 98 99 100 0
wuf100-0439-A 504 1 2 -3 4 5 6 7 8 9 10 11 12 -13 -14 15 -16 17 18 -19 20 -21 22 23 -24 25 26 27 28 -29 -30 -31 -32 -33 34 35 -36 -37 -38 39 -40 41 -42 43 44 -45 -46 47 48 49 50 -51 -52 53 54 55 -56 57 58 -59 -60 61 62 63 -64 -65 -66 67 68 -69 -70 71 72 73 -74 -75 -76 -77 78 79 80 81 82 -83 -84 85 -86 87 88 89 90 91 92 -93 94 -95 -96 -97 98 -99 100 0
wuf100-0442-A 548 1 2 3 4 -5 6 -7 -8 9 10 11 12 13 -14 15 -16 -17 -18 19 20 21 -22 23 -24 25 26 27 28 29 30 -31 -32 -33 -34 35 36 37 38 -39 -40 -41 42 43 44 -45 -46 47 48 49 -50 -51 -52 53 -54 55 -56 57 58 59 60 -61 -62 -63 64 65 66 -67 68 69 -70 71 72 73 -74 75 -76 77 -78 -79 -80 81 82 83 84 85 86 -87 -88 89 90 91 92 -93 -94 95 -96 97 98 99 100 0
wuf100-0448-A 417 1 2 3 4 5 6 7 -8 9 -10 -11 12 13 14 15 -16 -17 18 19 20 21 22 23 24 -25 -26 27 -28 -29 -30 -31 32 33 -34 -35 -36 37 -38 -39 -40 -41 42 -43 -44 -45 46 -47 -48 49 50 -51 -52 -53 54 55 56 -57 -58 -59 -60 61 62 63 -64 65 66 -67 68 69 -70 -71 -72 -73 -74 75 -76 77 78 -79 80 81 82 83 84 -85 -86 -87 -88 89 90 91 92 93 -94 95 96 97 -98 -99 -100 0
wuf100-0462-A 447 -1 2 3 4 5 6 -7 8 9 -10 11 -12 13 -14 -15 -16 -17 18 19 -20 -21 -22 -23 24 -25 -26 27 -28 -29 30 31 32 -33 -34 -35 36 -37 38 -39 -40 -41 -42 -43 44 45 46 -47 -48 49 50 51 52 -53 54 55 56 57 58 -59 -60 61 -62 63 -64 65 -66 67 -68 69 -70 -71 72 73 74 -75 -76 -77 78 -79 -80 -81 -82 -83 84 -85 86 87 -88 89 90 91 92 93 -94 -95 -96 97 -98 -99 100 0
wuf100-0463-A 459 1 -2 3 -4 -5 6 -7 8 9 10 11 -12 -13 -14 15 -16 17 18 -19 -20 21 -22 -23 24 -25 26 27 28 29 30 31 -32 -33 34 -35 -36 37 38 -39 -40 -41 42 43 44 -45 46 -47 48 -49 -50 51 -52 53 54 -55 -56 -57 58 59 -60 -61 -62 -63 64 65 -66 67 68 -69 70 -71 -72 73 74 75 -76 -77 -78 79 -80 81 -82 -83 -84 85 86 -87 -88 -89 90 91 92 -93 94 95 -96 97 -98 99 100 0
wuf100-0468-A 479 -1 2 3 -4 5 6 7 8 9 10 11 -12 13 -14 15 -16 -17 18 19 -20 21 -22 -23 24 -25 -26 -27 -28 29 30 -31 -32 33 -34 -35 -36 37 -38 -39 -40 41 -42 -43 -44 45 46 -47 -48 -49 -50 51 -52 53 54 55 -56 -57 -58 59 -60 61 62 63 64 -65 -66 -67 -68 69 70 -71 -72 -73 -74 -75 76 77 78 -79 80 81 82 -83 84 -85 86 -87 88 -89 90 91 92 93 94 -95 96 -97 -98 99 100 0
wuf100-0471-A 441 -1 -2 3 4 5 -6 -7 8 9 -10 -11 -12 13 -14 -15 16 17 -18 -19 20 -21 22 -23 24 -25 26 -27 28 -29 -30 31 32 33 -34 35 36 37 38 39 -40 -41 42 43 44 -45 -46 -47 48 -49 -50 -51 52 -53 -54 55 56 -57 -58 59 -60 61 -62 63 -64 65 66 -67 -68 69 70 71 -72 73 74 -75 -76 -77 -78 79 80 -81 82 -83 -84 -85 86 87 88 89 90 91 92 -93 -94 -95 -96 -97 98 -99 100 0
wuf100-0474-A 448 -1 2 -3 4 5 -6 7 8 9 -10 -11 12 13 14 -15 -16 -17 -18 -19 -20 21 -22 23 24 -25 26 27 -28 -29 30 -31 -32 -33 -34 35 -36 37 38 39 40 -41 42 -43 -44 45 46 -47 48 49 -50 51 -52 -53 54 55 56 57 58 59 -60 61 -62 -63 -64 65 66 -67 68 69 -70 -71 -72 73 74 75 -76 -77 -78 -79 80 -81 82 83 -84 -85 -86 87 -88 -89 -90 91 -92 93 94 -95 96 97 -98 99 100 0
wuf100-0476-A 421 -1 2 -3 4 5 -6 -7 -8 -9 10 -11 -12 -13 14 15 16 17 18 -19 -20 21 22 -23 -24 25 26 27 28 -29 -30 -31 -32 33 34 -35 36 37 38 39 40 41 42 -43 -44 45 46 47 -48 -49 -50 -51 52 -53 54 -55 -56 -57 -58 59 60 -61 62 -63 64 65 -66 -67 -68 69 -70 71 72 73 74 -75 76 -77 78 -79 -80 81 -82 -83 -84 -85 -86 -87 88 89 90 91 -92 -93 -94 -95 96 97 -98 -99 -100 0
wuf100-0478-A 426 -1 2 3 4 -5 6 7 -8 -9 10 -11 12 -13 14 15 16 17 -18 -19 -20 21 22 -23 24 25 -26 -27 28 29 30 -31 32 33 -34 -35 -36 37 -38 -39 40 41 -42 -43 -44 -45 46 -47 48 49 50 -51 52 53 -54 55 56 -57 -58 -59 -60 -61 62 63 64 65 -66 67 -68 -69 -70 -71 72 73 -74 -75 -76 -77 -78 -79 80 81 82 -83 -84 85 -86 87 88 -89 90 91 92 -93 -94 95 96 97 -98 99 -100 0
wuf100-048-A 425 -1 2 3 4 -5 -6 -7 -8 9 -10 11 -12 -13 14 -15 -16 -17 18 -19 -20 21 22 23 24 25 26 -27 -28 -29 -30 31 -32 33 34 35 36 -37 38 -39 40 41 -42 -43 44 -45 46 -47 48 49 50 51 -52 53 54 -55 -56 57 58 -59 60 61 62 63 64 65 -66 -67 -68 -69 -70 -71 72 73 74 -75 -76 -77 78 -79 80 81 -82 83 -84 -85 -86 87 -88 89 90 -91 92 93 94 -95 96 97 98 -99 100 0
wuf100-049-A 491 1 2 3 -4 -5 6 -7 -8 -9 10 -11 12 13 -14 15 16 17 18 19 -20 -21 -22 23 -24 25 -26 27 28 29 30 31 -32 -33 34 -35 36 -37 -38 -39 -40 41 -42 43 -44 45 -46 47 -48 49 50 -51 -52 53 54 -55 56 57 -58 59 60 61 -62 -63 -64 -65 66 67 68 -69 -70 71 -72 73 74 75 76 77 -78 -79 -80 81 82 83 84 85 -86 -87 -88 89 -90 91 -92 93 94 95 -96 -97 98 -99 -100 0
wuf100-0490-A 400 -1 -2 -3 -4 -5 -6 7 8 -9 10 -11 -12 13 -14 -15 16 17 18 -19 20 -21 22 -23 24 -25 -26 27 28 -29 30 31 32 -33 -34 35 -36 -37 38 39 -40 41 -42 43 -44 -45 -46 47 48 49 50 -51 -52 53 -54 55 -56 57 58 59 60 -61 -62 -63 -64 -65 -66 67 68 -69 70 71 -72 -73 -74 75 -76 77 78 79 80 81 -82 83 84 -85 -86 87 -88 89 90 91 -92 93 -94 95 96 -97 98 -99 100 0
wuf100-0492-A 449 1 2 -3 4 -5 6 7 -8 9 -10 11 -12 -13 -14 15 -16 17 18 -19 20 -21 -22 -23 24 25 -26 -27 -28 29 30 -31 32 33 -34 -35 -36 37 -38 -39 40 41 42 43 44 45 -46 -47 -48 49 -50 51 52 -53 -54 -55 56 -57 -58 -59 -60 -61 62 63 64 65 -66 -67 68 69 -70 -71 -72 -73 74 75 -76 77 78 -79 80 81 82 -83 84 85 -86 -87 88 -89 -90 91 92 -93 94 95 -96 -97 -98 99 100 0
wuf100-0495-A 396 -1 -2 3 -4 5 6 -7 8 9 10 -11 12 13 -14 15 -16 -17 18 -19 20 -21 22 -23 24 25 -26 27 28 29 30 -31 -32 33 -34 -35 36 -37 -38 39 -40 -41 42 -43 -44 45 -46 47 -48 49 50 51 52 53 -54 -55 56 -57 58 -59 60 -61 -62 63 64 65 -66 67 -68 -69 70 -71 -72 73 74 -75 76 -77 78 -79 -80 81 82 -83 -84 -85 -86 -87 -88 -89 -90 91 92 -93 94 95 -96 -97 -98 99 -100 0
wuf100-05-A 471 -1 2 -3 4 -5 -6 -7 8 -9 -10 11 12 -13 14 -15 -16 -17 -18 -19 20 -21 22 23 24 25 -26 27 28 29 -30 31 -32 33 -34 35 -36 -37 38 39 40 41 42 43 44 45 46 47 48 49 50 51 -52 53 54 55 -56 57 58 59 60 -61 -62 63 -64 -65 -66 -67 -68 -69 70 71 72 -73 -74 -75 76 77 78 79 -80 -81 -82 83 -84 -85 -86 -87 88 -89 90 -91 92 93 -94 -95 96 97 -98 99 -100 0
wuf100-0501-A 395 -1 2 -3 -4 -5 6 -7 8 9 -10 -11 12 -13 -14 -15 -16 -17 -18 -19 -20 21 -22 23 24 25 26 27 -28 29 30 31 -32 33 34 -35 -36 -37 38 39 -40 41 42 43 44 45 -46 47 48 49 50 51 -52 53 -54 -55 56 -57 -58 59 -60 -61 62 -63 -64 65 66 -67 -68 -69 70 -71 72 -73 74 75 -76 77 78 -79 -80 -81 82 83 84 -85 -86 -87 -88 -89 90 91 -92 93 94 -95 -96 -97 98 -99 100 0
wuf100-0512-A 485 1 2 -3 4 5 6 7 8 9 -10 11 12 13 -14 -15 -16 17 18 19 20 -21 22 -23 -24 25 26 27 -28 29 30 31 32 -33 -34 -35 -36 37 -38 39 40 -41 42 43 44 -45 -46 47 48 -49 50 -51 -52 -53 54 55 -56 57 -58 -59 60 61 62 63 -64 -65 -66 -67 68 -69 -70 71 -72 -73 74 75 76 -77 78 79 80 81 82 -83 84 85 86 87 -88 89 90 91 92 93 -94 95 96 -97 98 -99 100 0
wuf100-052-A 474 1 -2 -3 -4 -5 -6 -7 8 9 10 -11 12 13 14 -15 16 17 18 19 -20 21 -22 23 24 25 26 -27 28 -29 -30 -31 -32 -33 34 35 -36 -37 -38 39 -40 41 42 -43 -44 -45 -46 -47 -48 49 -50 51 -52 53 54 55 56 -57 -58 -59 -60 -61 62 63 -64 65 -66 -67 -68 -69 70 71 72 73 -74 -75 76 -77 -78 79 -80 81 82 83 -84 85 -86 87 88 89 90 91 92 93 -94 -95 96 97 -98 99 100 0
wuf100-0524-A 535 -1 -2 -3 -4 5 -6 7 8 9 10 -11 12 -13 14 15 16 17 -18 -19 -20 21 22 -23 24 -25 26 27 -28 29 30 -31 -32 33 34 -35 -36 37 38 39 40 -41 42 43 44 -45 46 47 48 -49 50 51 -52 53 54 55 56 57 58 59 60 61 62 -63 -64 65 -66 67 68 -69 70 -71 72 -73 -74 -75 76 77 -78 -79 80 -81 82 -83 84 85 86 -87 88 89 90 -91 92 93 94 -95 -96 -97 -98 99 100 0
wuf100-0528-A 345 1 2 3 4 -5 -6 -7 -8 9 10 11 -12 -13 14 15 -16 -17 -18 -19 -20 21 22 -23 24 25 -26 -27 -28 29 -30 -31 32 -33 34 35 36 -37 38 39 40 41 -42 -43 -44 45 -46 -47 -48 -49 -50 -51 -52 53 54 -55 -56 -57 58 -59 -60 -61 -62 -63 64 65 66 -67 -68 69 -70 71 -72 73 74 -75 -76 -77 78 -79 80 81 -82 -83 84 -85 86 -87 88 89 -90 91 92 93 94 -95 96 97 98 99 100 0
wuf100-0531-A 565 -1 2 -3 4 -5 6 7 8 9 10 -11 12 -13 -14 15 -16 17 18 19 20 -21 22 -23 -24 25 26 27 -28 29 30 -31 -32 -33 34 -35 36 37 38 39 40 -41 42 43 44 45 46 47 48 -49 50 51 52 53 54 55 -56 -57 -58 59 -60 -61 -62 63 -64 -65 -66 67 68 -69 70 -71 72 73 -74 75 76 77 -78 -79 80 -81 82 83 -84 85 86 87 88 -89 90 91 92 -93 -94 95 96 -97 98 99 100 0
wuf100-0533-A 458 1 2 3 4 5 6 7 8 9 10 -11 -12 13 -14 -15 16 17 18 -19 -20 21 -22 23 24 25 26 27 -28 -29 30 31 -32 33 -34 -35 -36 -37 38 -39 -40 41 -42 -43 44 45 -46 47 48 49 50 51 52 -53 -54 -55 -56 -57 58 59 60 61 -62 -63 64 65 -66 67 -68 -69 -70 -71 -72 -73 -74 75 -76 77 -78 79 80 81 -82 83 -84 85 86 -87 -88 89 90 -91 92 -93 94 -95 96 -97 -98 -99 100 0
wuf100-0539-A 525 -1 -2 3 -4 5 6 -7 8 -9 -10 11 12 13 14 15 16 17 18 -19 -20 21 22 23 24 -25 26 27 28 29 30 31 -32 -33 -34 35 36 -37 -38 39 40 41 42 43 44 -45 46 -47 -48 49 50 -51 52 53 54 55 56 -57 -58 59 60 -61 -62 -63 64 -65 -66 67 68 69 -70 71 72 73 -74 75 -76 77 -78 79 80 81 82 83 84 -85 -86 -87 88 -89 -90 -91 92 -93 -94 95 -96 -97 -98 -99 100 0
wuf100-0542-A 444 -1 2 3 -4 5 -6 7 8 9 10 -11 -12 13 14 -15 -16 -17 18 19 -20 21 -22 -23 -24 -25 26 27 -28 29 -30 -31 32 -33 -34 -35 36 -37 -38 39 -40 -41 -42 -43 -44 45 46 47 -48 49 50 51 52 -53 54 55 -56 -57 58 59 -60 -61 -62 -63 64 -65 66 67 -68 69 -70 71 -72 73 74 -75 76 77 78 79 -80 81 82 -83 -84 85 -86 -87 -88 89 -90 -91 -92 -93 94 -95 96 -97 98 -99 -100 0
wuf100-0546-A 416 1 2 -3 4 5 6 -7 -8 -9 10 11 -12 13 -14 -15 -16 -17 -18 19 20 -21 22 23 24 25 -26 27 -28 29 -30 -31 32 -33 34 35 36 37 38 39 -40 -41 42 43 44 -45 46 -47 -48 -49 50 51 -52 53 -54 -55 -56 -57 58 -59 60 61 62 -63 -64 -65 66 67 68 69 -70 -71 -72 -73 -74 -75 -76 77 78 79 -80 81 82 -83 -84 -85 -86 -87 88 -89 90 91 92 -93 -94 -95 96 -97 -98 99 -100 0
wuf100-055-A 427 1 -2 -3 -4 -5 -6 7 8 9 -10 11 -12 -13 -14 15 16 17 18 19 20 -21 22 23 24 -25 -26 -27 28 -29 -30 31 -32 33 34 -35 -36 37 -38 39 40 -41 -42 43 -44 -45 46 47 48 -49 50 -51 -52 53 -54 -55 56 57 -58 59 -60 61 62 63 -64 -65 -66 -67 -68 -69 -70 -71 72 -73 74 -75 76 77 78 -79 80 81 82 83 84 85 86 87 -88 89 -90 -91 92 93 -94 -95 96 97 98 -99 100 0
wuf100-056-A 356 -1 -2 3 4 5 -6 7 -8 -9 10 11 12 13 14 15 -16 17 -18 -19 20 21 -22 -23 -24 25 -26 27 -28 -29 -30 -31 -32 33 -34 35 -36 37 38 39 -40 -41 -42 -43 44 45 46 -47 -48 -49 50 51 -52 53 54 55 -56 -57 58 -59 -60 -61 62 63 64 -65 -66 -67 -68 69 70 71 -72 -73 74 75 -76 -77 78 79 80 81 82 83 84 85 -86 87 -88 -89 -90 -91 -92 93 94 95 -96 97 98 99 100 0
wuf100-0561-A 404 1 -2 3 -4 -5 6 -7 -8 -9 10 11 12 13 14 -15 -16 17 -18 19 -20 -21 22 -23 -24 25 26 -27 -28 -29 30 31 32 33 34 35 36 37 38 39 40 -41 42 43 -44 -45 -46 47 48 -49 50 51 52 53 54 55 56 57 -58 59 -60 61 62 -63 64 -65 -66 67 68 69 70 -71 -72 73 74 75 76 77 78 79 80 81 -82 -83 84 -85 86 87 -88 -89 -90 91 92 93 -94 -95 -96 97 98 -99 -100 0
wuf100-0564-A 450 -1 2 -3 4 5 -6 -7 -8 9 -10 11 12 13 14 -15 16 -17 -18 -19 20 21 -22 23 24 25 -26 -27 -28 29 30 -31 32 33 34 35 -36 37 -38 39 -40 41 42 -43 -44 45 -46 47 -48 49 50 -51 52 -53 54 -55 -56 57 -58 59 -60 -61 62 63 64 65 -66 -67 -68 69 -70 -71 72 -73 74 75 -76 -77 78 79 80 81 82 83 -84 85 86 87 -88 89 -90 91 -92 -93 94 95 -96 -97 98 -99 -100 0
wuf100-0575-A 406 1 -2 -3 -4 5 6 -7 8 9 10 -11 -12 -13 -14 -15 -16 -17 -18 19 -20 21 -22 23 24 -25 -26 -27 -28 -29 30 31 -32 -33 34 -35 36 -37 -38 -39 40 -41 -42 43 -44 45 -46 47 48 -49 -50 51 -52 -53 -54 -55 56 57 58 59 60 -61 -62 63 64 -65 -66 -67 68 -69 -70 71 72 73 74 75 -76 -77 78 79 -80 81 82 -83 -84 85 -86 -87 88 89 -90 -91 92 -93 94 95 96 97 -98 -99 100 0
wuf100-058-A 428 1 2 3 4 -5 -6 7 8 9 -10 11 -12 -13 -14 15 -16 -17 18 19 -20 -21 22 23 -24 -25 26 -27 -28 -29 -30 -31 32 -33 34 35 36 -37 38 -39 -40 -41 42 43 44 45 -46 47 48 -49 50 -51 52 53 -54 55 -56 -57 -58 -59 -60 61 62 63 64 -65 66 -67 68 -69 -70 -71 72 73 -74 75 -76 -77 78 -79 -80 -81 82 83 84 -85 86 87 88 89 -90 91 92 93 94 95 -96 97 -98 99 -100 0
wuf100-0585-A 497 1 2 3 -4 -5 6 7 8 -9 10 -11 12 -13 14 -15 16 -17 18 19 20 -21 22 -23 24 -25 -26 27 28 29 -30 31 -32 -33 -34 35 -36 37 38 -39 40 -41 42 -43 44 -45 46 47 48 -49 -50 51 52 -53 -54 55 -56 57 -58 -59 -60 61 62 63 64 65 66 -67 68 -69 -70 71 -72 73 74 75 76 -77 78 79 -80 81 -82 -83 84 -85 -86 87 88 -89 -90 91 -92 93 94 95 -96 -97 -98 99 100 0
wuf100-0600-A 496 1 2 3 4 5 6 -7 8 9 -10 11 -12 -13 -14 15 16 -17 -18 -19 -20 21 -22 23 -24 25 26 -27 28 29 30 -31 32 33 -34 35 36 -37 38 39 -40 41 -42 -43 -44 -45 46 -47 48 -49 50 51 52 53 54 -55 -56 57 -58 -59 60 -61 -62 63 -64 -65 66 -67 68 69 70 -71 -72 -73 -74 75 76 -77 -78 -79 80 -81 -82 83 84 85 86 -87 -88 89 -90 91 92 -93 94 95 96 97 98 99 -100 0
wuf100-0606-A 405 1 2 3 4 -5 6 -7 -8 9 -10 11 12 -13 -14 -15 -16 17 -18 19 20 -21 22 23 -24 -25 -26 27 -28 -29 30 -31 32 33 -34 35 36 37 38 39 -40 -41 42 -43 -44 45 -46 47 48 -49 50 51 52 -53 54 55 -56 57 -58 -59 60 -61 62 -63 -64 65 66 -67 68 -69 -70 71 -72 73 -74 -75 76 -77 78 79 80 -81 82 83 -84 -85 -86 -87 88 89 90 91 92 93 94 -95 96 -97 -98 99 -100 0
wuf100-0610-A 339 1 2 3 -4 5 -6 7 8 9 -10 11 -12 -13 14 -15 -16 17 -18 -19 -20 21 22 23 -24 -25 -26 27 28 29 -30 31 32 -33 34 35 36 -37 38 39 -40 -41 42 -43 44 45 46 47 -48 -49 50 -51 -52 -53 -54 -55 -56 57 58 59 -60 61 62 63 -64 65 -66 67 -68 69 70 -71 72 -73 74 -75 -76 -77 78 -79 80 81 82 -83 -84 -85 86 -87 88 -89 -90 91 -92 -93 94 95 -96 -97 98 99 -100 0
wuf100-0614-A 402 -1 2 -3 4 5 6 -7 8 9 -10 -11 -12 -13 14 15 -16 -17 -18 19 -20 -21 22 23 24 25 26 27 28 -29 -30 -31 32 33 34 -35 36 37 38 -39 40 -41 42 43 -44 45 -46 -47 -48 -49 50 51 52 -53 54 55 -56 -57 -58 59 -60 61 62 -63 64 -65 -66 -67 68 69 -70 -71 72 -73 74 75 -76 -77 78 79 80 81 82 83 84 85 86 -87 -88 -89 90 91 92 -93 -94 -95 -96 97 98 99 100 0
wuf100-0615-A 350 -1 2 -3 4 5 -6 7 8 -9 -10 -11 12 -13 14 -15 -16 -17 -18 19 20 21 -22 23 24 -25 -26 27 28 29 30 -31 32 -33 -34 35 36 37 38 39 -40 -41 42 43 -44 45 46 -47 48 49 -50 -51 -52 -53 -54 -55 56 57 58 59 -60 -61 -62 -63 64 65 66 -67 -68 -69 -70 -71 72 73 -74 75 76 77 -78 79 80 -81 82 83 -84 -85 -86 -87 88 89 90 91 -92 93 -94 95 96 97 -98 -99 100 0
wuf100-0625-A 401 1 -2 3 4 5 6 7 -8 -9 -10 11 12 -13 14 -15 16 17 18 19 20 21 22 23 -24 25 -26 27 -28 29 30 31 -32 -33 -34 35 -36 37 38 -39 -40 41 42 43 -44 -45 46 -47 -48 -49 50 -51 -52 -53 54 -55 56 -57 58 59 60 -61 -62 63 -64 -65 66 67 -68 -69 70 71 72 73 74 -75 76 -77 78 -79 -80 81 82 -83 84 85 -86 -87 88 89 90 -91 92 93 -94 -95 96 97 98 -99 100 0
wuf100-0627-A 427 -1 2 -3 4 -5 -6 -7 8 9 10 -11 12 13 14 -15 16 -17 18 -19 20 21 -22 -23 -24 -25 -26 -27 28 -29 -30 31 -32 -33 34 -35 36 37 -38 39 -40 41 42 -43 44 -45 -46 47 -48 49 50 -51 -52 53 54 55 -56 57 58 59 -60 61 62 63 -64 -65 -66 67 -68 -69 70 71 72 73 -74 -75 -76 77 -78 -79 -80 81 82 -83 -84 85 -86 87 -88 89 -90 91 92 -93 94 95 -96 97 -98 -99 -100 0
wuf100-063-A 372 -1 -2 3 -4 5 6 -7 8 9 -10 11 12 13 -14 -15 16 -17 -18 19 20 -21 22 23 -24 25 26 -27 28 -29 30 -31 32 33 -34 -35 -36 -37 -38 39 -40 -41 -42 -43 44 45 -46 -47 48 49 -50 51 52 53 54 55 56 -57 -58 59 -60 -61 62 63 64 65 -66 67 -68 -69 70 -71 -72 73 -74 -75 -76 77 78 -79 80 81 -82 -83 -84 85 86 -87 88 89 90 91 -92 93 -94 95 -96 97 98 99 -100 0
wuf100-0631-A 323 -1 2 3 -4 -5 -6 7 -8 9 10 -11 -12 -13 -14 -15 16 -17 18 19 20 21 22 23 24 -25 -26 27 28 -29 -30 -31 32 -33 -34 35 -36 37 -38 39 40 -41 -42 43 -44 -45 46 47 -48 49 -50 -51 52 53 54 -55 -56 57 58 -59 -60 -61 -62 -63 64 65 -66 -67 68 -69 -70 71 72 -73 74 -75 76 77 78 79 80 -81 -82 83 84 85 86 87 88 -89 -90 91 -92 93 94 -95 -96 -97 98 -99 -100 0
wuf100-0636-A 431 -1 2 -3 4 -5 6 7 -8 -9 -10 -11 -12 -13 14 15 -16 -17 -18 19 20 21 22 23 24 -25 -26 -27 28 29 30 31 -32 33 -34 35 -36 -37 38 39 40 41 42 -43 44 45 -46 -47 -48 49 50 51 -52 -53 54 -55 -56 -57 -58 -59 60 -61 62 63 -64 65 66 67 68 69 70 71 -72 73 74 75 76 77 -78 -79 80 81 82 -83 84 85 -86 -87 -88 89 -90 91 92 93 94 -95 -96 97 -98 99 -100 0
wuf100-0637-A 524 1 2 -3 4 5 6 7 8 9 -10 -11 -12 13 14 15 16 17 18 -19 20 -21 -22 23 24 25 26 -27 28 29 30 -31 -32 33 -34 -35 36 37 38 39 -40 41 -42 -43 44 45 -46 -47 48 49 -50 51 52 53 -54 55 56 57 58 59 -60 -61 62 63 64 65 -66 -67 68 -69 70 71 72 -73 74 -75 -76 -77 -78 -79 80 -81 82 83 84 85 -86 87 -88 -89 -90 91 -92 93 94 95 -96 97 -98 99 100 0
wuf100-0648-A 433 -1 -2 -3 4 5 -6 7 -8 9 -10 -11 12 -13 14 -15 16 -17 18 19 -20 21 -22 -23 24 -25 26 -27 -28 -29 -30 -31 -32 33 34 -35 36 37 38 39 40 41 42 -43 44 45 46 47 48 49 -50 -51 -52 -53 54 55 56 57 58 -59 60 -61 62 -63 64 65 -66 -67 68 69 -70 71 -72 -73 74 -75 76 -77 -78 -79 -80 -81 82 83 84 85 -86 -87 88 89 90 91 92 93 -94 95 -96 97 98 99 100 0
wuf100-0656-A 444 -1 -2 3 4 5 6 7 -8 9 -10 11 -12 -13 14 -15 -16 17 18 -19 -20 -21 22 -23 24 25 -26 27 28 -29 -30 31 -32 -33 -34 35 36 -37 38 39 -40 -41 42 43 -44 45 -46 -47 -48 49 50 51 52 -53 54 55 -56 -57 -58 59 -60 -61 -62 -63 64 -65 -66 -67 68 -69 70 -71 -72 73 -74 -75 76 77 78 79 -80 81 -82 83 84 -85 -86 87 88 -89 -90 91 92 93 -94 95 96 97 -98 99 -100 0
wuf100-0657-A 365 -1 2 -3 -4 5 6 -7 8 9 -10 -11 12 -13 14 -15 -16 -17 18 -19 -20 -21 -22 -23 -24 -25 26 27 28 -29 -30 31 32 -33 -34 35 -36 -37 -38 -39 -40 41 42 43 44 45 46 -47 48 49 50 51 -52 53 -54 -55 -56 57 58 -59 -60 61 -62 -63 -64 -65 66 -67 68 69 70 -71 72 73 74 -75 -76 77 78 79 80 -81 82 -83 84 -85 -86 -87 -88 -89 90 -91 92 -93 -94 -95 -96 -97 -98 99 -100 0
wuf100-0658-A 362 1 2 -3 4 -5 6 7 -8 -9 10 -11 -12 -13 14 15 -16 -17 -18 -19 -20 -21 22 23 -24 25 26 -27 28 29 30 -31 32 33 34 -35 -36 -37 -38 39 -40 41 -42 -43 -44 -45 -46 -47 -48 49 -50 -51 52 -53 54 55 56 -57 58 -59 -60 -61 -62 -63 -64 -65 -66 67 68 69 70 -71 -72 73 -74 75 76 -77 78 79 -80 -81 -82 83 84 -85 -86 87 88 -89 -90 91 92 -93 94 95 -96 -97 -98 -99 -100 0
wuf100-0668-A 453 -1 2 3 -4 5 6 -7 -8 9 10 -11 -12 -13 14 -15 -16 17 -18 -19 20 21 -22 23 24 -25 -26 -27 -28 -29 -30 -31 32 -33 34 35 36 37 38 39 -40 -41 42 43 44 45 -46 47 -48 -49 -50 -51 -52 -53 54 55 -56 57 58 59 60 61 -62 -63 64 -65 -66 67 -68 -69 -70 -71 72 73 -74 -75 -76 -77 -78 79 -80 81 82 83 84 85 86 87 -88 89 -90 91 92 93 -94 95 96 97 -98 99 100 0
wuf100-067-A 356 1 -2 -3 -4 -5 6 7 -8 -9 -10 11 -12 -13 -14 -15 -16 17 18 -19 -20 -21 22 -23 24 25 26 -27 -28 -29 30 31 -32 33 -34 -35 -36 37 38 39 -40 -41 -42 43 -44 -45 -46 47 -48 -49 50 51 52 -53 -54 -55 -56 57 -58 59 -60 -61 -62 -63 -64 -65 66 67 68 69 70 -71 -72 -73 74 75 76 77 -78 79 -80 81 -82 83 84 85 86 87 88 89 -90 -91 -92 -93 94 -95 -96 -97 98 -99 100 0
wuf100-0670-A 397 -1 -2 3 -4 5 6 7 8 9 -10 11 -12 -13 -14 15 -16 -17 -18 -19 -20 -21 22 -23 -24 25 -26 27 28 -29 30 31 32 33 34 -35 36 37 38 39 40 41 -42 -43 -44 -45 46 47 -48 49 -50 -51 -52 53 -54 -55 -56 57 58 59 -60 -61 62 63 64 -65 66 -67 -68 -69 -70 -71 72 -73 -74 -75 76 77 78 -79 -80 -81 82 83 -84 -85 -86 87 -88 -89 -90 91 -92 93 -94 95 96 -97 98 -99 -100 0
wuf100-0673-A 406 1 -2 3 -4 -5 6 7 -8 9 10 11 -12 -13 -14 -15 -16 17 -18 19 20 -21 22 23 -24 25 -26 -27 -28 29 -30 31 32 -33 34 -35 -36 37 -38 39 40 41 42 43 -44 -45 46 -47 48 49 -50 -51 -52 -53 -54 -55 56 57 -58 59 60 61 62 63 -64 -65 -66 67 68 69 70 -71 -72 -73 74 75 -76 -77 -78 79 -80 -81 82 83 -84 85 86 -87 -88 -89 90 -91 -92 -93 94 -95 -96 -97 98 99 100 0
wuf100-0675-A 471 1 2 -3 -4 -5 6 -7 8 9 -10 -11 12 13 -14 15 16 17 18 -19 20 21 -22 -23 24 -25 26 -27 28 -29 30 -31 -32 -33 34 35 36 -37 -38 -39 40 -41 42 43 -44 -45 46 47 -48 -49 50 -51 52 53 54 55 -56 -57 58 59 60 61 -62 63 64 65 -66 67 68 69 -70 -71 -72 73 -74 -75 76 77 -78 -79 80 81 -82 -83 -84 -85 86 -87 -88 -89 90 91 92 93 -94 -95 96 -97 -98 99 -100 0
wuf100-068-A 488 -1 -2 3 4 5 6 7 -8 9 10 -11 -12 -13 -14 -15 16 17 -18 -19 20 21 22 -23 -24 25 -26 27 -28 29 30 -31 32 -33 -34 35 36 37 -38 -39 -40 41 42 -43 44 45 -46 -47 48 49 50 -51 52 53 54 -55 56 57 -58 -59 60 61 -62 63 64 -65 66 67 -68 69 -70 -71 -72 -73 74 -75 76 -77 -78 -79 80 -81 -82 83 84 -85 86 87 88 -89 90 91 92 93 94 -95 -96 -97 -98 99 100 0
wuf100-0684-A 450 1 2 3 -4 5 -6 7 -8 9 10 -11 -12 -13 14 15 -16 17 18 19 20 -21 -22 23 -24 25 26 -27 -28 29 30 -31 32 -33 34 -35 -36 -37 38 -39 40 41 42 43 44 45 -46 -47 48 -49 -50 51 -52 53 54 55 56 57 -58 59 60 -61 62 63 -64 65 66 67 -68 -69 70 -71 -72 73 74 -75 76 77 78 79 -80 81 82 83 84 85 86 -87 -88 89 90 -91 92 93 -94 95 -96 97 98 99 100 0
wuf100-0685-A 366 1 2 3 4 -5 -6 -7 -8 9 10 -11 12 13 14 -15 -16 17 -18 -19 20 -21 -22 -23 -24 -25 -26 -27 28 -29 30 31 32 -33 34 -35 -36 37 38 -39 -40 -41 -42 43 -44 -45 46 47 -48 -49 -50 51 52 53 -54 55 56 57 58 59 60 -61 -62 63 64 -65 -66 67 68 69 70 -71 72 -73 74 -75 76 77 78 79 80 -81 82 83 84 85 86 -87 88 -89 -90 91 92 -93 94 -95 -96 97 -98 -99 -100 0
wuf100-0686-A 400 -1 -2 -3 -4 5 6 7 8 -9 -10 11 -12 -13 -14 15 -16 -17 18 19 20 -21 -22 -23 -24 25 -26 27 28 29 30 31 32 -33 -34 -35 36 37 -38 39 -40 41 -42 -43 -44 45 46 -47 48 -49 -50 51 52 -53 54 -55 56 -57 58 59 60 61 62 63 64 65 -66 -67 68 69 -70 71 -72 -73 74 -75 -76 -77 78 -79 -80 -81 82 -83 -84 85 86 87 -88 89 -90 91 -92 93 -94 95 -96 -97 -98 -99 -100 0
wuf100-0693-A 370 -1 2 3 -4 -5 -6 -7 -8 9 -10 -11 12 13 -14 -15 -16 -17 18 19 20 -21 -22 23 24 -25 26 27 -28 -29 -30 -31 32 33 34 -35 -36 37 38 39 40 41 -42 -43 44 45 46 47 48 -49 50 51 52 -53 -54 -55 56 57 -58 59 60 -61 -62 63 -64 -65 66 -67 -68 -69 70 -71 -72 -73 74 75 76 -77 78 -79 -80 81 -82 83 -84 -85 86 -87 -88 89 -90 -91 92 93 -94 -95 96 -97 98 99 100 0
wuf100-0696-A 500 1 2 3 4 -5 6 -7 -8 9 10 11 12 13 -14 15 -16 17 -18 -19 -20 21 22 -23 24 -25 26 27 28 29 30 -31 32 -33 -34 35 -36 37 -38 39 40 41 -42 43 44 45 -46 -47 48 49 50 51 -52 -53 -54 55 -56 57 58 -59 -60 61 -62 -63 64 65 -66 -67 68 69 -70 -71 72 73 74 -75 76 77 -78 79 80 81 -82 -83 -84 -85 -86 -87 -88 89 -90 -91 92 93 94 95 -96 97 98 -99 100 0
wuf100-0703-A 446 -1 2 3 -4 -5 6 7 8 -9 -10 11 -12 13 14 15 -16 17 18 -19 -20 -21 -22 -23 -24 25 26 -27 28 29 -30 31 32 -33 34 -35 36 -37 -38 39 40 -41 42 -43 44 45 -46 47 -48 49 50 51 52 -53 -54 55 -56 -57 58 59 -60 -61 62 63 64 -65 -66 -67 -68 69 -70 -71 -72 73 -74 -75 -76 77 78 -79 80 81 -82 -83 -84 -85 86 -87 88 -89 90 91 92 93 -94 95 96 97 98 99 100 0
wuf100-0707-A 387 -1 2 3 4 -5 6 -7 8 -9 10 -11 -12 13 -14 -15 -16 17 -18 19 -20 -21 -22 23 24 -25 26 -27 28 -29 -30 31 -32 -33 -34 35 36 37 38 39 40 41 -42 43 -44 -45 -46 -47 -48 -49 -50 -51 -52 53 54 55 -56 57 -58 -59 60 61 -62 63 64 65 66 67 -68 69 70 -71 -72 -73 -74 75 -76 77 78 -79 -80 -81 -82 83 -84 85 -86 87 88 -89 -90 91 92 -93 94 95 -96 -97 -98 -99 100 0
wuf100-0712-A 398 1 2 3 -4 -5 -6 7 8 9 -10 -11 -12 13 -14 15 16 17 -18 -19 -20 21 -22 -23 -24 25 -26 -27 -28 29 -30 -31 -32 33 -34 35 -36 37 -38 39 -40 -41 42 -43 -44 -45 46 -47 48 -49 -50 51 52 53 54 -55 -56 -57 58 59 -60 61 -62 -63 -64 -65 66 67 -68 -69 -70 -71 -72 -73 74 75 76 77 -78 79 80 81 82 83 84 -85 86 -87 88 -89 90 -91 -92 93 94 95 96 -97 98 -99 100 0
wuf100-0719-A 530 -1 2 3 4 5 6 -7 8 9 10 11 -12 13 14 15 16 -17 18 19 20 21 22 -23 -24 25 26 -27 28 -29 30 -31 -32 33 -34 -35 36 -37 38 39 -40 -41 42 -43 44 -45 46 -47 48 49 50 51 52 53 -54 -55 -56 -57 58 59 -60 -61 62 -63 -64 65 66 -67 -68 -69 70 71 72 73 74 75 76 -77 78 -79 80 81 82 -83 84 -85 86 -87 88 89 90 91 92 -93 94 -95 96 -97 98 -99 100 0
wuf100-0725-A 451 1 -2 -3 4 -5 6 7 8 9 10 -11 12 13 -14 -15 16 17 18 -19 -20 21 22 -23 24 25 26 27 28 29 -30 31 -32 -33 34 35 -36 37 38 -39 -40 -41 42 43 44 45 -46 -47 -48 -49 50 -51 -52 -53 -54 55 -56 57 -58 59 -60 -61 62 63 -64 -65 66 67 -68 -69 70 -71 72 73 74 75 -76 -77 78 79 80 -81 -82 83 -84 85 -86 -87 88 -89 90 -91 -92 93 -94 -95 -96 97 98 99 -100 0
wuf100-0729-A 472 -1 2 -3 4 5 6 7 -8 -9 -10 -11 12 13 -14 -15 16 17 18 -19 20 21 22 -23 24 25 -26 -27 28 29 -30 31 -32 -33 -34 -35 36 37 38 -39 -40 -41 42 -43 44 45 -46 47 -48 49 50 -51 52 53 54 -55 56 57 -58 -59 60 61 -62 -63 64 -65 66 -67 68 -69 70 -71 -72 73 74 -75 76 77 -78 79 80 -81 82 -83 84 -85 86 87 -88 89 -90 91 -92 -93 94 -95 96 97 -98 -99 -100 0
wuf100-073-A 335 -1 2 3 -4 -5 6 -7 -8 -9 -10 11 12 13 14 15 -16 17 18 -19 20 21 22 -23 -24 25 26 27 28 -29 -30 -31 32 33 34 -35 -36 -37 -38 -39 40 41 -42 43 44 45 46 47 48 49 50 51 52 -53 -54 55 -56 -57 -58 59 -60 61 62 63 -64 -65 66 67 68 -69 70 -71 -72 73 -74 -75 -76 77 -78 79 -80 81 -82 -83 84 85 86 -87 88 -89 -90 91 92 93 -94 95 96 -97 -98 -99 -100 0
wuf100-0731-A 531 -1 -2 3 4 5 -6 -7 8 9 -10 -11 -12 13 -14 15 16 -17 -18 19 20 21 22 23 -24 25 -26 -27 -28 -29 -30 31 32 33 34 35 -36 37 -38 39 40 41 42 -43 44 45 46 47 48 -49 50 -51 52 53 54 55 -56 57 58 59 -60 -61 62 -63 64 -65 -66 67 -68 69 70 71 72 73 -74 -75 76 -77 -78 79 -80 81 82 -83 84 -85 -86 87 88 89 -90 91 -92 93 -94 -95 96 97 98 99 -100 0
wuf100-0736-A 416 -1 -2 3 4 -5 6 -7 -8 -9 -10 -11 -12 13 14 15 16 -17 18 -19 -20 21 -22 -23 -24 -25 -26 27 -28 29 30 31 32 -33 -34 35 36 -37 38 -39 40 41 42 -43 44 -45 46 47 -48 -49 -50 51 52 -53 54 -55 -56 57 -58 -59 60 -61 -62 -63 64 65 -66 67 68 69 -70 71 -72 73 74 75 -76 -77 78 79 -80 81 82 83 84 85 -86 87 88 -89 -90 91 -92 -93 -94 95 96 -97 -98 99 -100 0
wuf100-0747-A 446 1 -2 3 -4 -5 6 7 -8 9 10 11 12 -13 -14 15 16 17 18 19 20 -21 22 23 24 -25 26 -27 -28 29 30 -31 -32 -33 -34 35 36 37 -38 39 -40 41 42 43 -44 -45 46 47 48 49 -50 -51 -52 53 -54 -55 -56 -57 58 59 -60 61 62 63 -64 -65 -66 -67 68 69 -70 -71 72 -73 74 -75 -76 77 78 -79 80 81 -82 -83 -84 85 -86 87 -88 -89 -90 -91 92 93 94 -95 96 -97 -98 99 -100 0
wuf100-0750-A 450 1 -2 -3 -4 -5 6 -7 8 -9 10 -11 -12 13 14 -15 -16 -17 18 19 -20 21 -22 23 24 -25 -26 27 28 29 -30 -31 -32 33 34 35 36 -37 38 -39 40 41 42 43 -44 45 -46 47 -48 -49 50 51 -52 53 54 55 -56 -57 58 -59 -60 61 -62 63 64 65 -66 -67 -68 -69 70 71 72 73 74 -75 76 -77 78 79 80 81 -82 -83 -84 85 -86 87 -88 -89 -90 91 -92 93 94 95 -96 -97 98 -99 100 0
wuf100-0752-A 365 -1 -2 3 -4 -5 6 7 -8 9 10 11 12 13 -14 15 16 17 18 -19 20 -21 -22 -23 -24 25 -26 -27 -28 -29 -30 31 -32 -33 -34 -35 36 37 38 -39 40 41 -42 43 -44 -45 46 47 48 49 50 -51 -52 -53 -54 55 -56 57 -58 -59 60 -61 -62 -63 64 -65 -66 67 68 69 -70 -71 72 -73 -74 -75 76 77 -78 79 -80 81 -82 83 84 85 -86 -87 -88 -89 90 -91 -92 -93 94 -95 -96 97 -98 99 -100 0
wuf100-076-A 448 1 2 -3 4 -5 6 -7 8 -9 -10 -11 12 13 14 -15 -16 -17 -18 -19 -20 21 22 23 24 25 -26 -27 -28 29 30 31 -32 33 -34 -35 -36 -37 -38 -39 40 41 42 -43 44 -45 -46 -47 -48 49 50 51 52 53 54 -55 56 57 -58 -59 -60 61 -62 -63 -64 65 66 67 -68 69 -70 -71 72 73 -74 75 76 77 -78 -79 80 81 82 -83 -84 85 86 -87 88 89 90 91 -92 -93 94 95 -96 97 -98 -99 100 0
wuf100-0762-A 406 1 -2 3 -4 5 6 7 8 9 -10 -11 -12 13 -14 15 -16 -17 18 19 20 21 22 23 24 25 26 27 -28 -29 30 31 32 -33 34 35 -36 37 -38 39 40 -41 42 -43 44 -45 46 47 -48 49 -50 51 52 53 -54 55 -56 57 -58 59 -60 61 -62 63 -64 65 -66 67 -68 69 -70 -71 -72 73 -74 75 -76 -77 -78 -79 -80 81 -82 83 84 -85 86 -87 -88 89 90 91 92 -93 94 95 -96 -97 98 -99 -100 0
wuf100-0771-A 468 -1 2 3 -4 5 -6 -7 -8 -9 -10 -11 -12 13 14 -15 16 17 18 19 -20 21 -22 23 -24 -25 -26 27 28 29 -30 31 32 -33 -34 35 -36 37 38 39 -40 41 -42 -43 -44 -45 -46 -47 -48 49 -50 -51 52 -53 54 55 56 57 58 -59 -60 61 -62 63 -64 -65 66 67 68 -69 70 71 72 -73 74 75 76 -77 78 -79 80 81 82 -83 84 -85 86 87 88 89 -90 91 92 93 -94 95 96 97 98 99 100 0
wuf100-0774-A 380 -1 2 -3 -4 5 6 7 -8 9 -10 -11 12 -13 14 -15 16 17 -18 19 -20 -21 -22 -23 24 25 26 -27 -28 -29 -30 -31 -32 -33 34 35 -36 37 38 -39 -40 41 -42 -43 -44 -45 -46 47 48 -49 50 51 -52 -53 54 -55 56 57 58 59 60 -61 -62 63 64 -65 66 -67 -68 -69 70 71 -72 -73 74 -75 -76 77 -78 79 80 -81 82 83 -84 85 86 -87 88 89 90 91 -92 93 94 -95 -96 -97 98 -99 -100 0
wuf100-078-A 329 1 2 3 -4 -5 -6 7 8 9 10 -11 -12 -13 -14 15 -16 17 -18 19 -20 -21 22 -23 24 -25 -26 -27 28 -29 -30 -31 32 -33 34 35 36 -37 -38 -39 40 41 42 -43 -44 45 46 47 48 49 -50 51 -52 53 -54 -55 56 57 -58 -59 60 61 -62 -63 -64 -65 66 -67 68 -69 -70 71 72 -73 -74 75 76 -77 -78 79 80 81 -82 83 -84 -85 -86 -87 -88 -89 90 -91 -92 -93 -94 95 -96 -97 -98 -99 -100 0
wuf100-0780-A 443 -1 2 3 4 5 -6 7 -8 -9 -10 11 12 -13 -14 -15 16 -17 18 19 -20 21 22 23 24 25 26 27 -28 -29 -30 -31 32 33 34 35 -36 -37 38 39 40 41 -42 43 44 -45 46 47 -48 49 50 -51 52 -53 54 -55 -56 -57 -58 -59 60 -61 -62 -63 -64 -65 66 67 -68 -69 -70 -71 -72 73 -74 75 -76 77 -78 79 -80 81 82 -83 -84 85 -86 -87 88 -89 -90 -91 -92 -93 94 95 -96 -97 -98 -99 100 0
wuf100-0786-A 441 1 2 -3 4 -5 -6 7 8 9 -10 -11 -12 13 -14 15 -16 17 18 -19 20 -21 -22 23 -24 25 26 27 -28 -29 30 -31 -32 33 -34 -35 -36 -37 38 -39 -40 -41 42 -43 -44 -45 46 -47 -48 -49 -50 51 -52 53 54 55 56 -57 -58 59 60 -61 -62 -63 -64 -65 66 67 -68 69 70 -71 72 73 74 75 76 77 78 79 -80 81 -82 -83 -84 85 -86 -87 88 89 -90 91 92 -93 -94 95 96 -97 98 -99 100 0
wuf100-0794-A 289 -1 2 3 4 -5 6 -7 8 9 10 11 -12 -13 14 15 16 17 -18 -19 20 21 -22 23 -24 -25 26 -27 28 -29 -30 -31 32 33 34 35 -36 37 38 39 -40 -41 42 -43 44 -45 -46 47 48 -49 -50 -51 -52 -53 54 -55 -56 57 -58 59 60 -61 62 -63 -64 65 -66 -67 68 69 70 -71 72 -73 74 75 76 -77 -78 79 -80 -81 -82 -83 -84 85 86 87 88 89 -90 -91 -92 93 94 -95 -96 97 -98 99 100 0
wuf100-0796-A 515 -1 2 -3 -4 5 6 7 -8 -9 10 11 12 -13 14 -15 16 17 18 -19 20 -21 22 -23 -24 25 -26 27 28 29 30 31 32 33 -34 35 36 -37 38 39 -40 -41 -42 43 44 45 46 47 48 -49 50 -51 -52 -53 54 55 56 -57 -58 -59 60 61 -62 63 64 65 -66 67 -68 -69 70 -71 72 73 -74 75 76 -77 78 79 80 -81 82 -83 84 -85 86 -87 88 89 90 -91 -92 -93 -94 -95 -96 -97 -98 -99 100 0
wuf100-080-A 475 -1 -2 3 -4 5 6 -7 8 9 -10 11 -12 -13 14 15 -16 17 -18 19 20 -21 22 -23 24 25 26 -27 -28 -29 30 31 32 33 -34 -35 36 37 38 -39 -40 -41 -42 -43 44 -45 -46 47 48 -49 -50 -51 52 53 -54 55 -56 57 -58 -59 60 -61 -62 63 64 65 -66 67 68 69 70 71 -72 73 74 75 76 77 78 79 80 -81 82 -83 84 85 86 87 88 -89 -90 -91 92 -93 94 -95 96 97 -98 99 100 0
wuf100-0801-A 431 1 -2 -3 4 5 -6 7 8 9 10 11 12 13 14 -15 16 17 -18 19 -20 21 22 23 24 25 26 27 28 -29 -30 31 32 -33 34 35 36 37 -38 39 40 41 -42 -43 -44 -45 46 47 48 49 -50 51 52 -53 54 55 56 -57 -58 59 -60 -61 -62 63 -64 -65 -66 67 -68 -69 -70 -71 72 73 74 -75 76 -77 -78 79 80 81 -82 -83 -84 -85 -86 87 88 -89 -90 -91 92 93 -94 -95 -96 -97 98 99 -100 0
wuf100-081-A 462 1 2 -3 4 -5 -6 7 8 -9 10 11 12 13 -14 15 -16 17 -18 -19 -20 21 22 23 -24 -25 -26 -27 28 29 30 -31 32 -33 34 -35 36 -37 -38 -39 -40 41 -42 -43 44 45 46 47 48 -49 -50 51 52 53 54 55 56 -57 -58 -59 -60 -61 62 -63 -64 -65 -66 67 68 -69 70 -71 -72 73 74 -75 -76 77 -78 79 -80 81 82 -83 -84 -85 86 -87 88 89 -90 -91 -92 -93 -94 95 96 97 -98 -99 100 0
wuf100-0811-A 399 -1 -2 3 -4 5 -6 -7 8 9 -10 -11 -12 -13 14 15 -16 -17 -18 -19 20 -21 22 -23 24 25 26 27 -28 -29 -30 31 32 33 34 35 36 37 -38 -39 -40 41 42 43 44 45 46 -47 -48 49 -50 -51 52 -53 54 55 -56 -57 58 59 60 61 62 63 -64 -65 66 -67 68 69 -70 71 72 73 -74 75 76 -77 -78 79 80 -81 -82 -83 84 85 -86 87 -88 89 -90 91 92 93 -94 -95 -96 97 -98 -99 100 0
wuf100-0812-A 419 1 2 -3 4 5 6 7 -8 -9 10 -11 12 13 14 15 16 17 18 -19 -20 21 22 23 -24 -25 -26 -27 28 -29 -30 -31 32 33 -34 -35 -36 37 -38 39 40 -41 -42 43 -44 45 46 47 48 -49 50 -51 -52 -53 -54 -55 56 57 58 59 -60 -61 62 63 64 65 66 -67 -68 69 -70 -71 72 73 -74 75 76 77 -78 -79 80 -81 82 83 -84 -85 86 -87 88 -89 90 91 92 93 -94 95 96 97 98 99 -100 0
wuf100-0819-A 477 1 2 -3 -4 5 6 -7 -8 9 10 -11 12 13 14 -15 16 17 -18 19 20 -21 -22 23 -24 25 -26 27 28 -29 -30 31 -32 33 34 -35 36 -37 -38 -39 -40 41 42 -43 -44 -45 46 47 -48 -49 -50 51 -52 53 -54 55 56 57 58 59 60 61 62 -63 64 -65 -66 -67 -68 -69 70 71 72 -73 -74 -75 76 77 78 -79 -80 81 -82 -83 84 -85 86 -87 88 89 -90 -91 92 -93 94 95 -96 -97 -98 99 100 0
wuf100-082-A 406 -1 -2 3 4 -5 6 7 8 -9 -10 -11 12 13 -14 15 -16 -17 -18 -19 20 -21 -22 23 -24 -25 -26 27 -28 -29 -30 -31 32 -33 -34 35 36 37 -38 -39 40 41 -42 43 44 -45 46 47 -48 -49 50 -51 -52 -53 54 -55 56 57 58 59 -60 -61 62 63 -64 65 -66 -67 -68 -69 70 -71 72 -73 74 -75 -76 -77 78 79 80 81 -82 83 -84 -85 -86 -87 88 -89 -90 -91 -92 -93 94 -95 -96 97 -98 99 100 0
wuf100-0821-A 363 -1 2 -3 4 5 6 -7 8 -9 10 11 12 13 14 -15 16 -17 18 -19 -20 21 22 23 -24 25 26 -27 -28 -29 30 -31 -32 -33 -34 35 -36 37 -38 -39 40 41 42 43 -44 -45 46 -47 48 49 50 51 52 -53 -54 -55 -56 57 -58 -59 -60 -61 62 -63 64 65 -66 -67 68 -69 70 71 -72 73 74 75 76 77 78 79 -80 81 82 -83 84 85 86 87 88 89 -90 91 92 93 94 -95 -96 -97 98 -99 -100 0
wuf100-0824-A 466 1 2 -3 4 -5 -6 -7 -8 -9 -10 11 -12 -13 -14 15 -16 17 18 19 -20 -21 -22 23 -24 25 -26 -27 -28 29 30 31 32 -33 -34 -35 -36 -37 -38 39 -40 41 42 -43 -44 -45 46 47 48 -49 50 -51 52 -53 -54 -55 56 -57 58 59 -60 61 62 -63 -64 -65 66 -67 -68 69 70 -71 72 73 74 75 76 77 78 -79 80 -81 -82 83 -84 -85 -86 87 88 89 -90 91 92 93 -94 -95 96 97 98 99 100 0
wuf100-0838-A 443 1 -2 3 -4 5 -6 -7 -8 9 10 -11 12 13 14 15 16 -17 18 -19 20 21 22 -23 -24 25 26 27 -28 29 30 31 32 33 34 35 -36 37 38 39 40 -41 -42 43 44 45 -46 -47 -48 -49 50 -51 -52 -53 54 -55 56 -57 -58 59 -60 -61 62 -63 -64 65 66 -67 68 -69 70 -71 -72 73 74 -75 76 -77 -78 79 -80 81 82 -83 -84 85 86 87 88 -89 -90 91 -92 -93 -94 -95 -96 -97 98 -99 -100 0
wuf100-0839-A 456 1 2 3 -4 -5 -6 7 -8 9 -10 11 -12 -13 -14 -15 -16 17 18 19 20 -21 -22 -23 -24 -25 26 27 -28 29 -30 31 32 33 34 -35 36 -37 38 -39 -40 -41 42 43 -44 45 -46 47 48 -49 50 -51 -52 -53 -54 55 56 57 -58 59 60 61 62 63 64 65 66 67 68 69 70 71 -72 73 74 75 -76 -77 78 -79 -80 -81 -82 83 -84 -85 86 -87 88 -89 90 -91 92 -93 94 95 -96 97 98 -99 100 0
wuf100-084-A 498 1 2 -3 4 -5 -6 -7 8 9 -10 11 12 13 -14 15 16 17 18 -19 -20 21 -22 23 -24 25 -26 -27 28 29 30 31 -32 33 34 35 -36 -37 -38 -39 40 41 42 43 -44 45 46 47 48 -49 50 51 52 -53 54 -55 -56 57 -58 -59 60 61 62 63 64 -65 66 67 68 69 -70 -71 72 73 -74 75 76 -77 -78 -79 80 81 82 83 84 85 -86 87 -88 89 -90 -91 -92 93 -94 -95 -96 97 98 -99 -100 0
wuf100-085-A 479 1 -2 3 -4 5 -6 -7 -8 9 -10 11 -12 13 -14 -15 -16 17 -18 -19 20 -21 22 -23 -24 -25 -26 27 28 29 -30 31 32 33 -34 -35 36 37 38 39 40 -41 -42 -43 -44 45 46 47 48 49 50 51 -52 53 -54 55 56 57 -58 -59 60 -61 62 63 -64 -65 66 -67 -68 69 -70 -71 72 73 74 -75 76 77 78 79 80 -81 82 83 84 -85 -86 -87 -88 -89 -90 91 92 -93 94 95 -96 97 -98 99 -100 0
wuf100-0856-A 396 1 -2 -3 4 5 6 -7 -8 -9 -10 11 12 13 14 -15 16 17 18 -19 20 21 22 -23 -24 -25 -26 -27 -28 29 30 31 -32 -33 -34 35 36 37 38 -39 40 41 -42 43 44 45 46 -47 -48 49 50 -51 -52 53 -54 -55 56 57 -58 -59 -60 61 -62 -63 -64 -65 66 -67 68 69 70 -71 -72 -73 -74 75 76 -77 78 79 -80 81 82 -83 -84 -85 -86 87 -88 89 90 -91 92 93 -94 95 96 -97 -98 -99 100 0
wuf100-0857-A 422 -1 -2 3 -4 -5 -6 7 8 9 10 -11 12 13 14 -15 -16 17 -18 -19 20 21 22 23 24 25 -26 27 -28 -29 -30 31 32 -33 -34 35 -36 -37 -38 -39 -40 41 42 -43 44 -45 -46 47 -48 49 50 51 52 53 -54 -55 56 -57 58 -59 60 61 -62 -63 64 65 -66 -67 -68 69 -70 71 72 73 74 -75 76 -77 78 -79 -80 -81 82 83 84 85 -86 87 88 -89 90 -91 92 -93 -94 95 -96 97 98 99 -100 0
wuf100-0867-A 504 -1 2 3 -4 5 -6 -7 -8 9 10 -11 12 13 -14 15 16 17 18 -19 -20 21 22 -23 24 25 -26 27 -28 -29 -30 -31 32 -33 -34 -35 36 -37 -38 39 -40 41 -42 -43 44 45 -46 -47 48 49 -50 51 52 -53 54 55 -56 -57 58 59 60 61 62 63 64 65 -66 -67 68 69 -70 71 72 73 -74 -75 76 77 78 -79 80 81 -82 -83 84 -85 -86 -87 -88 89 90 91 -92 93 94 -95 -96 -97 -98 -99 -100 0
wuf100-0870-A 510 1 2 3 4 5 6 7 8 9 10 -11 12 -13 14 15 16 -17 -18 -19 -20 21 22 23 24 25 26 27 -28 -29 -30 31 -32 -33 34 -35 36 37 38 39 40 41 42 -43 44 45 -46 47 -48 -49 50 -51 -52 53 54 -55 -56 57 58 -59 60 -61 -62 -63 64 65 66 -67 68 69 -70 -71 72 73 74 75 -76 -77 78 -79 80 81 82 83 84 -85 86 -87 -88 89 90 -91 -92 -93 94 -95 -96 97 -98 99 -100 0
wuf100-0879-A 448 1 -2 3 4 5 -6 7 -8 9 -10 11 12 13 14 15 16 -17 -18 19 -20 21 -22 -23 24 25 26 27 28 29 -30 31 32 33 34 -35 -36 -37 38 39 40 -41 42 -43 44 -45 46 47 -48 -49 -50 51 -52 -53 -54 55 56 -57 58 59 -60 61 -62 63 -64 -65 66 67 -68 69 -70 -71 -72 73 -74 -75 -76 77 -78 79 -80 81 82 -83 -84 -85 -86 87 88 -89 -90 91 92 -93 -94 -95 -96 97 -98 -99 -100 0
wuf100-088-A 449 -1 -2 3 4 5 -6 -7 8 -9 -10 11 -12 13 -14 15 16 -17 18 19 20 -21 22 -23 -24 -25 26 -27 28 -29 30 31 -32 -33 34 35 36 37 38 39 -40 41 42 -43 -44 45 -46 -47 -48 49 -50 51 52 -53 -54 55 56 57 -58 59 -60 61 62 -63 64 -65 66 67 -68 69 70 71 -72 -73 74 75 -76 -77 -78 -79 -80 81 82 -83 -84 -85 86 -87 88 -89 -90 91 92 93 94 95 -96 -97 -98 99 100 0
wuf100-0884-A 479 1 2 3 4 5 -6 7 -8 -9 10 11 12 13 14 -15 -16 17 -18 -19 20 -21 -22 23 24 -25 26 -27 -28 -29 -30 31 -32 -33 34 -35 36 37 38 -39 -40 41 -42 43 -44 45 46 47 -48 49 50 -51 52 -53 54 55 -56 -57 58 59 -60 -61 62 -63 64 -65 66 -67 -68 69 70 71 -72 -73 74 -75 -76 -77 -78 -79 -80 81 -82 -83 84 85 86 -87 88 89 90 91 92 -93 94 95 -96 -97 98 99 100 0
wuf100-0899-A 454 1 2 3 -4 -5 6 7 -8 9 10 -11 12 -13 14 15 16 17 -18 19 -20 21 -22 -23 -24 -25 -26 -27 28 29 -30 31 32 -33 34 35 36 -37 -38 -39 40 41 -42 -43 44 45 46 47 -48 -49 50 -51 52 -53 -54 55 56 57 -58 59 60 -61 -62 63 -64 -65 66 67 -68 -69 -70 -71 -72 73 -74 -75 76 -77 -78 79 80 81 82 -83 84 -85 86 87 88 89 90 91 -92 -93 -94 95 96 -97 98 99 -100 0
wuf100-0903-A 492 -1 2 -3 4 -5 6 7 -8 9 -10 11 12 13 -14 -15 -16 -17 18 19 -20 -21 -22 23 24 25 26 -27 -28 -29 30 -31 32 33 -34 -35 36 -37 38 -39 40 41 -42 43 44 45 46 47 48 -49 -50 51 -52 53 54 55 -56 57 58 59 -60 61 62 63 64 -65 66 67 -68 -69 70 71 -72 -73 74 75 -76 -77 78 -79 80 -81 -82 -83 84 85 -86 -87 88 89 90 91 92 -93 94 95 96 -97 -98 -99 100 0
wuf100-0904-A 531 -1 -2 3 4 5 -6 7 8 9 10 11 12 13 14 -15 16 17 -18 19 20 -21 -22 23 24 -25 26 -27 -28 29 30 31 -32 -33 34 35 -36 -37 38 -39 40 -41 42 43 -44 45 -46 47 48 49 -50 51 -52 53 54 -55 56 57 58 59 60 61 -62 -63 -64 65 -66 -67 -68 69 70 71 72 -73 -74 75 76 77 78 79 80 81 82 83 -84 85 -86 87 88 -89 -90 -91 92 -93 -94 -95 -96 97 -98 99 100 0
wuf100-0906-A 423 1 -2 -3 -4 5 -6 -7 -8 9 10 11 12 -13 -14 15 -16 -17 18 19 20 21 22 23 24 25 26 -27 28 29 30 -31 32 33 34 -35 36 37 38 -39 40 41 -42 -43 44 -45 -46 47 48 49 50 51 -52 -53 -54 55 -56 -57 -58 -59 60 61 -62 -63 -64 65 -66 -67 68 -69 70 71 72 -73 -74 -75 76 -77 78 79 -80 81 -82 -83 84 85 -86 -87 -88 89 -90 91 -92 -93 -94 -95 96 -97 98 -99 100 0
wuf100-0915-A 427 1 -2 3 4 -5 -6 7 -8 -9 -10 -11 -12 -13 14 15 -16 -17 -18 19 20 21 -22 -23 24 25 26 27 28 -29 -30 31 32 -33 34 35 -36 37 -38 -39 40 41 -42 43 -44 45 46 -47 -48 49 -50 51 -52 -53 54 55 -56 -57 -58 59 60 -61 62 63 -64 65 66 67 -68 -69 70 71 72 -73 74 -75 -76 77 -78 79 80 -81 82 83 -84 85 -86 -87 -88 -89 90 91 92 93 -94 -95 -96 -97 -98 99 100 0
wuf100-0920-A 375 -1 2 3 -4 -5 6 -7 8 9 -10 11 -12 -13 14 -15 -16 17 -18 -19 -20 -21 -22 23 24 25 -26 -27 28 29 -30 -31 -32 33 34 -35 36 -37 38 -39 -40 41 -42 -43 44 45 -46 -47 48 49 -50 51 52 53 54 -55 56 57 58 59 60 61 62 -63 64 -65 66 67 -68 -69 -70 71 72 73 74 75 -76 -77 -78 79 80 -81 82 -83 -84 85 -86 87 88 89 90 91 -92 -93 -94 95 96 -97 -98 99 -100 0
wuf100-0923-A 431 -1 2 -3 -4 -5 6 -7 -8 -9 -10 -11 -12 -13 -14 15 -16 -17 -18 19 20 -21 -22 -23 -24 25 -26 -27 28 -29 -30 31 -32 -33 -34 35 -36 -37 38 -39 40 -41 42 43 44 45 -46 47 48 49 50 51 52 -53 -54 55 -56 -57 -58 59 60 61 -62 63 -64 -65 -66 67 -68 69 -70 71 72 73 74 75 76 -77 -78 -79 -80 -81 82 83 84 85 86 87 -88 89 -90 -91 92 93 94 -95 -96 -97 -98 99 100 0
wuf100-0925-A 508 1 2 3 4 5 -6 7 8 9 10 -11 -12 -13 -14 -15 -16 17 -18 -19 20 21 22 23 -24 25 26 27 -28 29 -30 -31 32 33 -34 -35 36 -37 38 39 -40 -41 -42 43 -44 45 46 -47 -48 -49 50 51 -52 -53 -54 55 -56 57 58 59 60 61 62 -63 -64 -65 -66 -67 -68 69 -70 71 -72 -73 74 75 76 -77 -78 79 -80 81 82 83 84 85 86 -87 88 89 90 91 92 93 -94 -95 96 97 98 99 -100 0
wuf100-0945-A 441 -1 -2 -3 4 5 6 -7 8 9 10 11 -12 -13 14 -15 -16 -17 18 19 -20 21 22 -23 -24 -25 26 27 -28 29 30 -31 -32 -33 34 -35 -36 -37 38 -39 -40 -41 42 -43 -44 45 -46 -47 48 49 -50 51 52 53 54 55 56 57 -58 -59 60 -61 -62 63 -64 -65 66 67 -68 -69 70 -71 -72 -73 74 75 -76 77 78 79 -80 -81 -82 83 -84 85 86 87 88 89 90 91 92 -93 -94 -95 96 97 -98 99 -100 0
wuf100-095-A 409 -1 2 3 -4 5 6 -7 8 -9 -10 11 -12 -13 14 -15 16 17 18 -19 -20 21 -22 -23 24 25 -26 -27 -28 -29 -30 31 -32 33 -34 -35 -36 -37 38 39 -40 41 -42 43 -44 -45 46 47 -48 49 50 51 52 53 54 -55 56 57 -58 59 60 -61 62 -63 -64 65 -66 67 -68 69 -70 -71 72 73 -74 -75 76 -77 -78 -79 80 -81 82 -83 84 85 -86 -87 -88 89 90 -91 92 -93 -94 95 -96 -97 -98 -99 -100 0
wuf100-0952-A 491 1 2 3 -4 5 -6 -7 8 9 10 -11 -12 13 14 -15 16 17 18 19 -20 -21 22 -23 24 -25 -26 27 28 -29 30 -31 32 33 34 35 -36 -37 -38 39 -40 -41 42 43 44 -45 -46 -47 48 -49 50 -51 52 53 -54 55 56 57 -58 59 -60 61 62 63 -64 -65 66 -67 68 -69 70 -71 72 73 -74 75 -76 77 78 -79 -80 -81 -82 83 84 -85 86 87 88 89 -90 91 92 -93 -94 95 -96 97 -98 99 -100 0
wuf100-0953-A 479 -1 2 3 -4 5 6 7 -8 9 -10 11 -12 -13 14 15 16 17 -18 19 -20 -21 22 23 -24 -25 -26 -27 -28 -29 -30 31 32 -33 -34 -35 -36 37 38 39 -40 41 -42 43 -44 45 46 47 -48 49 -50 -51 52 -53 54 55 -56 -57 -58 -59 60 -61 -62 -63 -64 -65 -66 67 -68 69 70 -71 -72 73 74 -75 -76 77 -78 79 80 81 -82 -83 84 -85 86 -87 -88 89 90 -91 92 -93 -94 95 -96 97 98 99 100 0
wuf100-0959-A 506 -1 2 3 -4 -5 6 -7 8 9 -10 11 -12 13 14 -15 16 17 18 19 20 -21 -22 -23 24 25 26 27 28 29 -30 31 32 33 34 35 36 37 -38 -39 -40 -41 -42 43 44 45 46 47 -48 -49 50 51 52 -53 -54 55 -56 57 -58 -59 -60 -61 -62 63 64 -65 -66 67 68 69 70 71 72 73 -74 75 -76 -77 78 79 -80 -81 -82 -83 84 -85 86 87 88 89 90 -91 92 93 94 -95 96 -97 98 -99 -100 0
wuf100-0964-A 396 -1 -2 -3 4 5 6 7 8 -9 -10 -11 -12 13 -14 15 -16 -17 -18 -19 20 21 22 -23 -24 25 -26 27 28 -29 -30 31 32 33 34 35 -36 37 -38 39 -40 -41 42 -43 -44 -45 -46 47 48 49 50 -51 -52 53 54 -55 56 57 -58 59 60 -61 -62 -63 -64 65 66 -67 -68 69 -70 -71 72 73 -74 -75 76 -77 -78 -79 80 -81 82 83 84 -85 -86 87 88 89 -90 91 92 93 94 -95 -96 97 -98 99 -100 0
wuf100-0966-A 426 -1 -2 -3 4 -5 6 -7 8 -9 -10 11 -12 13 -14 15 16 -17 18 19 20 -21 -22 23 24 25 26 -27 -28 -29 30 -31 -32 33 34 35 36 37 38 -39 40 41 -42 43 44 -45 46 -47 48 49 -50 -51 -52 53 -54 -55 -56 -57 58 -59 60 -61 62 -63 64 -65 -66 -67 -68 -69 -70 71 -72 73 -74 75 76 77 -78 79 80 -81 -82 -83 -84 -85 86 -87 88 89 90 -91 92 93 94 -95 96 -97 98 99 -100 0
wuf100-0968-A 390 1 2 -3 4 -5 -6 7 -8 9 -10 -11 12 -13 14 15 -16 -17 18 -19 -20 21 22 -23 24 25 -26 27 28 29 30 31 -32 -33 -34 -35 -36 37 38 -39 -40 41 -42 -43 44 -45 46 47 -48 49 -50 51 -52 -53 54 -55 -56 57 58 -59 60 -61 62 63 -64 65 -66 67 68 -69 70 -71 72 73 74 -75 76 77 78 79 -80 -81 82 83 -84 85 -86 87 -88 -89 -90 -91 -92 -93 -94 95 -96 -97 98 99 100 0
wuf100-0976-A 403 -1 -2 3 4 5 -6 -7 8 -9 -10 -11 -12 13 14 -15 -16 17 18 19 20 21 22 23 -24 -25 26 27 -28 -29 -30 -31 -32 33 34 35 36 37 -38 39 -40 41 -42 -43 -44 45 -46 47 -48 -49 50 51 52 -53 -54 55 56 57 58 -59 60 61 -62 63 64 -65 -66 -67 68 69 70 71 -72 73 74 75 -76 -77 78 79 -80 -81 -82 -83 -84 85 -86 87 88 89 90 -91 92 93 -94 95 96 97 98 -99 100 0
wuf100-0981-A 487 1 -2 3 -4 -5 -6 -7 -8 9 -10 11 12 -13 14 15 16 17 -18 19 20 21 22 23 24 -25 -26 -27 28 29 30 31 32 -33 34 35 36 37 38 39 40 -41 -42 43 44 45 -46 -47 -48 -49 50 -51 -52 -53 -54 55 56 -57 -58 -59 60 61 62 63 64 65 -66 67 -68 69 -70 -71 -72 -73 -74 -75 -76 77 78 79 -80 -81 -82 -83 84 -85 -86 -87 -88 -89 90 91 92 93 94 95 -96 -97 98 99 100 0
wuf100-0984-A 460 1 2 -3 4 -5 6 7 8 -9 -10 -11 -12 13 -14 -15 16 17 18 19 -20 21 22 23 -24 -25 26 27 -28 -29 30 31 32 -33 34 -35 36 -37 -38 39 40 -41 -42 -43 -44 45 46 -47 48 49 -50 -51 52 -53 -54 -55 56 -57 58 -59 60 61 62 63 64 65 66 67 -68 69 70 -71 72 -73 74 75 76 -77 -78 -79 -80 81 -82 83 -84 -85 -86 -87 -88 89 -90 91 92 93 94 -95 96 97 -98 99 100 0
wuf100-099-A 482 1 -2 3 4 5 -6 -7 -8 9 10 11 -12 -13 -14 15 16 17 -18 -19 20 21 22 -23 -24 -25 26 -27 28 29 -30 -31 32 33 34 -35 -36 37 -38 -39 -40 41 42 43 -44 45 -46 -47 -48 -49 50 -51 52 53 -54 55 -56 57 -58 59 60 -61 62 63 -64 65 66 -67 -68 69 -70 71 -72 73 74 75 -76 -77 78 79 -80 81 82 83 84 -85 86 87 88 89 90 91 -92 93 -94 95 -96 -97 -98 99 100 0
wuf100-0998-A 385 -1 2 -3 -4 5 6 7 -8 -9 10 11 -12 13 14 15 -16 17 -18 -19 -20 21 -22 -23 -24 -25 26 -27 28 29 30 31 -32 -33 34 35 -36 -37 -38 39 40 -41 42 43 -44 45 -46 -47 -48 49 50 -51 52 -53 54 55 56 -57 58 59 -60 -61 62 63 64 65 -66 -67 -68 69 -70 71 72 73 74 75 76 77 -78 79 80 -81 -82 83 -84 -85 86 -87 -88 89 -90 -91 -92 -93 94 95 -96 -97 98 99 -100 0
wuf100-0999-A 484 1 2 3 -4 5 6 7 -8 9 10 -11 12 13 14 15 16 -17 18 19 20 -21 -22 -23 -24 -25 -26 27 -28 29 30 -31 32 33 -34 35 36 -37 38 39 40 -41 -42 -43 44 45 46 47 -48 49 50 -51 52 -53 54 -55 56 -57 -58 59 -60 -61 62 63 -64 65 -66 67 -68 -69 -70 -71 72 -73 74 -75 76 -77 -78 79 -80 -81 82 83 84 85 -86 -87 -88 89 90 -91 92 93 -94 95 -96 -97 -98 99 -100 0
