wuf20-01-A 107 -1 2 3 4 -5 -6 -7 8 9 10 11 -12 -13 14 15 -16 17 18 19 20 0
wuf20-0100-A 116 -1 2 3 -4 5 6 -7 8 9 10 -11 -12 13 14 15 -16 17 -18 19 20 0
wuf20-0104-A 48 1 -2 -3 -4 5 -6 -7 -8 9 10 11 -12 13 -14 -15 -16 17 18 -19 20 0
wuf20-0108-A 96 1 -2 3 -4 -5 -6 7 8 9 10 11 -12 13 -14 15 -16 -17 18 19 -20 0
wuf20-0109-A 89 1 -2 3 4 5 -6 7 -8 9 -10 11 -12 -13 -14 -15 -16 17 -18 19 -20 0
wuf20-0114-A 83 1 -2 -3 -4 5 6 -7 -8 -9 -10 11 12 13 14 15 -16 -17 -18 19 20 0
wuf20-0115-A 68 1 2 3 -4 -5 -6 -7 -8 -9 10 11 -12 -13 14 -15 -16 17 -18 -19 20 0
wuf20-0116-A 98 1 -2 3 4 -5 6 7 8 -9 -10 -11 -12 13 14 -15 -16 17 -18 19 20 0
wuf20-0117-A 99 1 -2 -3 4 -5 6 7 -8 -9 10 11 12 -13 -14 -15 -16 17 18 19 -20 0
wuf20-0121-A 100 1 2 3 4 -5 6 7 8 -9 -10 11 -12 -13 -14 -15 -16 17 18 19 20 0
wuf20-0123-A 129 1 2 3 4 -5 -6 -7 8 9 -10 -11 12 13 14 15 -16 17 18 -19 20 0
wuf20-0125-A 124 1 2 3 4 5 6 7 -8 -9 10 11 12 13 14 -15 -16 17 -18 19 20 0
wuf20-0126-A 91 -1 -2 -3 -4 5 6 7 8 9 10 11 12 -13 14 -15 16 -17 -18 -19 20 0
wuf20-0129-A 100 1 -2 3 4 -5 -6 -7 8 9 10 -11 12 -13 -14 -15 -16 17 18 19 20 0
wuf20-0133-A 126 -1 2 3 4 -5 6 -7 -8 9 10 11 12 13 14 -15 16 17 -18 -19 20 0
wuf20-0135-A 119 -1 2 3 -4 -5 -6 7 -8 -9 10 11 12 13 14 -15 -16 17 18 19 20 0
wuf20-0136-A 135 1 -2 3 -4 5 6 7 8 9 10 11 -12 13 14 15 16 17 -18 -19 20 0
wuf20-0138-A 109 -1 -2 3 4 -5 -6 7 8 -9 10 11 -12 13 -14 15 16 17 -18 19 -20 0
wuf20-0139-A 67 -1 -2 -3 4 5 -6 -7 -8 9 10 11 -12 13 14 15 -16 -17 -18 19 -20 0
wuf20-0140-A 101 1 2 3 -4 5 -6 7 8 9 -10 -11 12 13 -14 -15 16 17 18 -19 -20 0
wuf20-0146-A 90 -1 2 -3 4 -5 6 7 8 -9 -10 -11 12 13 -14 15 -16 -17 18 19 -20 0
wuf20-0147-A 119 1 2 3 -4 5 -6 7 8 -9 10 -11 -12 13 14 15 16 -17 18 -19 -20 0
wuf20-0148-A 107 1 2 -3 4 5 -6 -7 8 -9 10 11 12 -13 -14 15 -16 17 -18 -19 20 0
wuf20-0150-A 65 -1 2 3 4 -5 -6 -7 8 -9 -10 11 12 -13 14 -15 16 -17 18 19 -20 0
wuf20-0152-A 67 -1 2 3 4 5 6 7 -8 -9 -10 -11 -12 -13 -14 15 -16 17 18 19 -20 0
wuf20-0155-A 76 -1 2 3 -4 5 -6 -7 8 9 10 11 -12 13 14 15 16 -17 18 -19 20 0
wuf20-0159-A 89 -1 2 -3 4 5 -6 -7 8 9 10 -11 -12 13 14 15 -16 17 -18 -19 20 0
wuf20-016-A 115 -1 2 3 4 -5 -6 7 8 9 10 11 12 -13 14 15 -16 -17 18 -19 -20 0
wuf20-0160-A 128 1 2 -3 4 5 -6 7 8 -9 -10 11 12 13 -14 -15 16 17 -18 19 20 0
wuf20-0165-A 92 1 2 -3 4 5 -6 -7 8 9 10 -11 -12 13 14 15 16 -17 18 19 -20 0
wuf20-0167-A 89 -1 -2 3 -4 -5 -6 -7 8 9 10 11 12 13 14 15 -16 -17 -18 -19 -20 0
wuf20-0173-A 56 -1 -2 3 -4 -5 -6 -7 -8 9 10 -11 12 -13 14 -15 16 -17 18 -19 -20 0
wuf20-0180-A 119 1 2 3 4 -5 -6 7 8 9 10 11 12 -13 -14 15 -16 -17 -18 -19 20 0
wuf20-0182-A 69 -1 -2 3 4 5 -6 7 -8 9 10 11 12 -13 -14 -15 -16 -17 -18 19 -20 0
wuf20-0183-A 88 1 -2 3 -4 -5 6 7 8 -9 10 -11 -12 -13 14 -15 16 -17 -18 19 -20 0
wuf20-0186-A 97 -1 2 3 -4 5 6 -7 8 9 10 11 -12 -13 -14 15 16 17 18 -19 -20 0
wuf20-0188-A 84 -1 -2 3 4 5 6 -7 -8 9 -10 11 12 13 14 15 -16 -17 -18 19 -20 0
wuf20-019-A 109 -1 -2 3 4 5 -6 -7 8 9 -10 11 12 13 14 -15 -16 -17 18 19 -20 0
wuf20-0191-A 109 -1 2 3 -4 -5 -6 7 -8 9 10 -11 -12 -13 14 15 16 17 -18 19 20 0
wuf20-0192-A 69 -1 -2 -3 -4 5 -6 -7 8 -9 -10 -11 -12 -13 -14 15 16 17 18 -19 20 0
wuf20-0193-A 99 -1 -2 -3 4 -5 -6 -7 8 -9 -10 11 12 -13 14 15 16 17 18 -19 20 0
wuf20-0196-A 93 1 2 3 -4 -5 -6 -7 -8 9 -10 -11 12 13 14 15 16 -17 -18 19 20 0
wuf20-020-A 86 -1 2 -3 4 -5 6 7 8 9 10 -11 -12 13 -14 -15 16 17 -18 -19 -20 0
wuf20-0200-A 93 1 -2 3 -4 5 -6 7 -8 9 -10 -11 -12 13 -14 15 16 17 18 -19 20 0
wuf20-0202-A 97 -1 -2 3 4 -5 -6 -7 8 9 -10 11 12 -13 14 -15 -16 17 -18 19 20 0
wuf20-0203-A 89 1 -2 -3 -4 -5 6 -7 8 9 -10 11 12 -13 -14 15 -16 17 -18 19 -20 0
wuf20-0204-A 70 -1 2 3 4 5 6 7 -8 -9 10 -11 -12 -13 14 -15 16 -17 -18 -19 -20 0
wuf20-0205-A 94 -1 2 3 -4 -5 -6 7 8 9 -10 11 12 13 -14 -15 16 17 18 -19 -20 0
wuf20-0206-A 110 1 2 3 4 5 -6 7 -8 9 -10 11 -12 -13 14 15 -16 17 18 19 -20 0
wuf20-0207-A 99 1 -2 -3 -4 -5 -6 7 8 9 10 -11 12 13 14 -15 -16 17 -18 19 -20 0
wuf20-0209-A 109 1 2 3 -4 -5 -6 7 -8 9 -10 11 12 13 14 -15 -16 -17 18 19 -20 0
wuf20-021-A 106 1 2 -3 -4 5 6 7 -8 -9 10 11 12 -13 -14 15 16 -17 18 -19 -20 0
wuf20-0211-A 89 1 -2 3 -4 -5 6 7 8 9 -10 -11 -12 13 -14 -15 16 -17 18 -19 20 0
wuf20-0213-A 79 1 2 3 -4 5 -6 -7 -8 9 -10 11 -12 -13 -14 -15 16 17 -18 -19 -20 0
wuf20-022-A 78 -1 2 -3 4 -5 -6 7 -8 9 -10 11 12 13 -14 -15 16 -17 -18 19 -20 0
wuf20-0220-A 68 1 -2 -3 4 5 -6 -7 8 -9 -10 -11 -12 -13 -14 15 -16 17 -18 19 -20 0
wuf20-0222-A 116 -1 -2 3 4 5 6 7 -8 -9 10 11 -12 13 14 15 -16 17 -18 -19 20 0
wuf20-0224-A 79 -1 2 -3 -4 5 6 7 -8 -9 -10 -11 12 -13 -14 15 -16 -17 -18 19 20 0
wuf20-0226-A 99 -1 2 3 4 5 6 7 8 9 10 -11 12 13 14 -15 -16 17 -18 19 -20 0
wuf20-0228-A 104 1 -2 -3 4 5 -6 -7 8 -9 10 11 -12 13 -14 15 16 17 18 -19 -20 0
wuf20-0232-A 119 1 -2 -3 4 5 -6 7 8 -9 10 11 -12 13 -14 15 16 -17 18 19 -20 0
wuf20-0233-A 102 1 -2 3 4 5 -6 7 -8 -9 -10 11 -12 13 14 15 16 17 18 -19 -20 0
wuf20-0236-A 139 1 2 3 -4 -5 6 -7 8 9 -10 11 12 13 14 -15 16 17 -18 19 20 0
wuf20-024-A 105 1 -2 -3 4 5 6 7 -8 9 -10 11 12 -13 -14 -15 -16 17 18 -19 20 0
wuf20-0241-A 64 -1 -2 -3 4 -5 -6 -7 -8 -9 -10 11 -12 -13 -14 15 16 17 -18 19 20 0
wuf20-0245-A 59 1 -2 -3 -4 -5 -6 7 -8 -9 -10 11 12 -13 14 -15 -16 -17 -18 19 -20 0
wuf20-0246-A 55 1 2 -3 -4 5 -6 -7 -8 9 -10 -11 -12 13 -14 -15 -16 17 18 19 20 0
wuf20-0249-A 111 -1 2 -3 -4 5 6 -7 8 -9 10 11 12 13 14 15 16 -17 18 19 20 0
wuf20-0250-A 94 -1 -2 3 -4 -5 6 7 8 9 10 -11 12 13 -14 15 16 17 18 19 20 0
wuf20-026-A 109 1 2 3 4 5 6 -7 -8 9 10 -11 -12 -13 14 -15 16 -17 -18 19 -20 0
wuf20-0262-A 89 1 -2 -3 4 -5 -6 -7 8 9 -10 -11 12 -13 -14 15 -16 17 18 -19 20 0
wuf20-0263-A 75 1 -2 -3 4 -5 6 -7 -8 9 -10 -11 12 13 -14 -15 16 -17 18 -19 -20 0
wuf20-0266-A 98 1 2 -3 4 5 -6 -7 8 -9 10 11 -12 13 -14 15 -16 -17 -18 19 -20 0
wuf20-0267-A 82 -1 2 -3 -4 5 -6 7 -8 9 -10 11 -12 13 -14 15 16 17 -18 -19 -20 0
wuf20-027-A 80 -1 -2 3 4 -5 6 7 -8 9 10 11 12 -13 -14 15 -16 -17 -18 19 -20 0
wuf20-0272-A 79 1 2 3 -4 -5 -6 7 -8 9 -10 11 12 -13 -14 15 -16 17 18 -19 20 0
wuf20-0278-A 39 -1 -2 -3 -4 -5 -6 -7 -8 -9 -10 -11 12 -13 14 15 16 -17 -18 -19 -20 0
wuf20-0280-A 92 -1 2 3 -4 -5 -6 7 8 -9 10 11 12 -13 14 15 -16 17 18 19 20 0
wuf20-0284-A 104 1 2 3 -4 -5 6 -7 -8 9 10 -11 -12 13 -14 15 16 -17 18 19 -20 0
wuf20-0285-A 92 1 -2 3 -4 5 -6 -7 -8 9 10 -11 12 -13 14 15 16 -17 -18 19 -20 0
wuf20-0286-A 119 1 2 -3 -4 5 6 7 -8 -9 -10 11 12 13 14 -15 16 17 -18 -19 20 0
wuf20-0287-A 109 1 2 3 -4 5 -6 7 8 -9 10 -11 -12 13 14 -15 -16 -17 18 -19 20 0
wuf20-0289-A 114 1 2 3 -4 5 6 -7 -8 9 10 11 -12 13 -14 -15 16 17 18 -19 -20 0
wuf20-0292-A 105 -1 2 3 4 -5 -6 -7 8 9 -10 11 12 13 -14 15 16 17 18 19 -20 0
wuf20-0293-A 102 -1 2 3 4 5 6 -7 8 9 -10 11 -12 -13 14 -15 16 17 -18 19 20 0
wuf20-0295-A 109 1 2 3 -4 5 -6 7 -8 -9 10 11 -12 13 14 -15 -16 -17 -18 19 20 0
wuf20-0297-A 81 1 2 -3 4 5 -6 7 8 -9 -10 11 12 -13 -14 -15 -16 -17 -18 19 -20 0
wuf20-0298-A 107 1 -2 -3 4 5 -6 7 8 9 -10 11 -12 13 -14 15 -16 17 18 19 20 0
wuf20-0299-A 65 1 -2 3 4 -5 6 -7 -8 -9 -10 -11 -12 -13 14 -15 16 -17 18 -19 20 0
wuf20-030-A 102 -1 2 3 4 -5 6 7 8 9 -10 -11 -12 13 14 -15 16 17 18 -19 20 0
wuf20-0300-A 71 -1 -2 -3 -4 5 -6 7 8 9 -10 -11 12 13 14 -15 -16 17 -18 19 -20 0
wuf20-0304-A 104 1 -2 -3 4 -5 6 7 -8 9 10 -11 12 13 14 15 16 17 18 -19 -20 0
wuf20-0305-A 89 1 2 3 -4 -5 -6 7 8 -9 10 -11 -12 -13 14 15 16 17 -18 -19 -20 0
wuf20-0306-A 53 1 2 -3 -4 -5 -6 -7 -8 9 -10 -11 -12 -13 -14 15 16 17 -18 -19 -20 0
wuf20-0308-A 119 1 -2 3 -4 5 6 7 8 9 10 11 -12 13 -14 15 16 -17 -18 -19 -20 0
wuf20-0313-A 103 -1 2 3 -4 -5 6 7 -8 -9 -10 11 -12 13 -14 15 16 17 -18 19 20 0
wuf20-0317-A 69 -1 -2 3 4 5 -6 -7 -8 9 -10 11 12 -13 -14 -15 -16 -17 -18 19 20 0
wuf20-0318-A 109 1 2 -3 4 5 -6 -7 8 9 10 11 -12 13 -14 -15 16 17 -18 19 -20 0
wuf20-0325-A 130 -1 2 3 -4 5 6 7 8 9 10 -11 12 13 -14 15 16 -17 18 19 20 0
wuf20-0327-A 57 1 -2 -3 4 -5 6 -7 8 9 10 11 -12 -13 14 -15 16 -17 18 -19 -20 0
wuf20-0330-A 59 -1 -2 -3 -4 -5 6 7 -8 -9 -10 11 -12 -13 14 -15 16 -17 -18 -19 20 0
wuf20-0338-A 117 1 -2 -3 4 5 -6 7 -8 9 -10 11 12 13 14 15 16 -17 18 -19 20 0
wuf20-0339-A 91 -1 2 -3 4 5 6 7 -8 9 -10 11 12 13 14 -15 16 -17 18 -19 20 0
wuf20-0340-A 66 -1 -2 3 4 -5 -6 -7 -8 9 10 -11 -12 -13 -14 15 16 17 -18 -19 20 0
wuf20-0343-A 109 -1 -2 -3 -4 5 -6 7 8 -9 10 -11 12 13 -14 15 -16 17 18 19 20 0
wuf20-0345-A 87 1 -2 -3 4 -5 -6 -7 8 9 10 -11 -12 13 -14 -15 16 -17 18 19 -20 0
wuf20-0346-A 57 1 2 -3 -4 5 -6 -7 8 9 -10 -11 12 -13 -14 -15 16 -17 -18 -19 -20 0
wuf20-0348-A 149 -1 2 3 4 5 -6 -7 8 9 10 -11 12 13 -14 15 16 17 18 19 20 0
wuf20-0349-A 74 -1 -2 -3 -4 -5 6 -7 8 9 10 11 12 13 -14 -15 16 -17 18 -19 20 0
wuf20-035-A 63 -1 -2 -3 -4 5 6 7 -8 9 -10 -11 12 -13 -14 -15 16 -17 -18 19 -20 0
wuf20-0353-A 98 1 2 3 -4 5 -6 -7 8 9 10 11 -12 13 14 15 16 -17 -18 19 20 0
wuf20-0357-A 99 -1 -2 3 -4 -5 6 -7 -8 -9 10 11 12 13 -14 -15 -16 17 18 19 20 0
wuf20-0358-A 97 1 -2 3 4 -5 6 -7 8 9 -10 -11 12 13 14 -15 16 17 18 -19 -20 0
wuf20-036-A 80 -1 2 3 -4 5 6 -7 -8 9 -10 11 -12 13 -14 -15 16 17 18 -19 -20 0
wuf20-0363-A 125 1 2 -3 4 5 -6 7 8 9 10 11 12 13 14 15 16 -17 -18 19 20 0
wuf20-0368-A 68 -1 -2 -3 -4 -5 -6 -7 8 -9 10 11 -12 13 14 -15 16 17 -18 -19 -20 0
wuf20-0369-A 89 -1 2 3 -4 -5 -6 7 8 -9 10 -11 -12 -13 -14 -15 -16 17 18 19 20 0
wuf20-0371-A 105 1 2 -3 -4 5 6 7 -8 9 10 -11 12 -13 14 15 16 -17 -18 -19 20 0
wuf20-0373-A 77 1 -2 3 4 -5 -6 -7 8 9 10 11 12 13 -14 -15 -16 -17 -18 -19 20 0
wuf20-0374-A 99 1 -2 -3 -4 5 6 7 8 -9 10 11 -12 -13 -14 -15 16 -17 18 -19 20 0
wuf20-0376-A 119 -1 -2 -3 4 5 6 7 8 9 10 11 12 13 -14 -15 -16 17 -18 19 -20 0
wuf20-0378-A 90 -1 2 3 -4 -5 6 7 8 9 10 -11 -12 -13 14 -15 -16 17 -18 19 -20 0
wuf20-0379-A 109 -1 2 -3 4 -5 6 7 -8 9 -10 11 -12 13 -14 -15 16 17 -18 19 20 0
wuf20-0380-A 45 -1 2 3 4 -5 -6 -7 8 -9 -10 -11 12 -13 -14 -15 16 -17 -18 -19 -20 0
wuf20-0381-A 118 1 2 -3 4 -5 -6 7 8 -9 10 11 -12 13 14 15 16 -17 -18 19 20 0
wuf20-0384-A 82 1 2 -3 4 5 -6 -7 8 -9 -10 11 -12 -13 14 15 -16 17 -18 19 -20 0
wuf20-0386-A 139 1 2 -3 4 5 6 7 8 -9 10 11 12 13 -14 -15 -16 17 -18 19 20 0
wuf20-0387-A 100 1 -2 3 4 -5 6 7 -8 9 10 -11 12 -13 14 15 -16 17 18 19 20 0
wuf20-039-A 109 -1 2 -3 -4 5 6 -7 -8 9 -10 11 12 13 14 -15 -16 17 18 -19 20 0
wuf20-0390-A 105 1 2 3 -4 5 6 7 8 9 -10 -11 12 -13 14 -15 -16 -17 18 19 -20 0
wuf20-0392-A 97 1 -2 -3 -4 -5 -6 7 -8 9 -10 11 -12 13 14 15 -16 17 -18 19 20 0
wuf20-0394-A 99 1 2 -3 4 -5 -6 7 8 9 -10 11 12 13 -14 -15 -16 -17 18 -19 20 0
wuf20-0395-A 63 1 2 -3 4 5 -6 -7 8 9 10 -11 -12 13 14 15 16 17 18 19 20 0
wuf20-0411-A 109 1 2 3 -4 5 6 -7 8 -9 10 11 12 -13 -14 -15 -16 17 18 -19 -20 0
wuf20-0412-A 77 -1 2 -3 4 5 6 -7 -8 9 -10 11 12 -13 14 15 -16 17 -18 19 -20 0
wuf20-0414-A 99 1 -2 -3 -4 5 6 7 -8 -9 10 -11 12 13 -14 -15 16 -17 18 19 -20 0
wuf20-0415-A 87 -1 -2 3 4 5 -6 7 -8 -9 10 11 12 -13 -14 15 16 -17 -18 19 -20 0
wuf20-0417-A 82 -1 -2 3 -4 5 -6 7 8 9 10 -11 12 13 14 15 -16 17 18 19 -20 0
wuf20-0418-A 121 1 -2 -3 -4 5 6 7 8 9 10 -11 12 13 -14 15 16 17 18 -19 -20 0
wuf20-0420-A 89 1 2 -3 -4 5 -6 7 8 -9 -10 11 -12 -13 14 15 16 -17 -18 -19 -20 0
wuf20-0425-A 99 1 -2 3 -4 -5 6 -7 8 -9 -10 11 -12 13 14 15 -16 -17 18 19 -20 0
wuf20-0426-A 87 1 2 3 -4 -5 -6 7 -8 9 -10 11 12 13 -14 15 16 17 -18 -19 20 0
wuf20-0427-A 73 -1 2 3 4 -5 6 -7 8 9 10 11 12 -13 14 -15 16 -17 -18 19 -20 0
wuf20-0428-A 105 1 2 3 -4 -5 -6 -7 8 -9 10 11 -12 -13 -14 15 16 17 18 -19 20 0
wuf20-043-A 119 -1 2 3 4 -5 6 -7 8 -9 10 -11 12 -13 14 -15 16 -17 18 19 20 0
wuf20-0430-A 59 -1 -2 -3 4 -5 -6 7 8 9 -10 -11 -12 13 -14 15 16 -17 18 -19 20 0
wuf20-0434-A 80 -1 -2 -3 4 -5 6 7 8 -9 10 -11 12 -13 -14 15 -16 -17 18 19 20 0
wuf20-0435-A 69 1 2 -3 -4 -5 -6 -7 -8 -9 -10 11 12 -13 -14 15 16 -17 -18 19 -20 0
wuf20-0437-A 139 1 -2 3 4 5 6 7 8 9 10 11 12 -13 -14 -15 16 -17 18 -19 20 0
wuf20-0439-A 103 -1 2 3 -4 -5 6 -7 8 9 10 -11 12 13 14 -15 16 17 -18 19 20 0
wuf20-0440-A 65 1 2 -3 -4 5 -6 7 -8 -9 10 -11 -12 13 -14 15 -16 -17 -18 -19 20 0
wuf20-0446-A 57 1 -2 3 4 -5 6 -7 8 -9 10 -11 -12 13 14 -15 16 -17 -18 -19 -20 0
wuf20-0447-A 111 -1 -2 3 4 -5 6 -7 8 9 -10 -11 12 13 14 15 -16 17 18 -19 20 0
wuf20-045-A 95 -1 2 3 4 -5 -6 -7 -8 -9 -10 11 12 -13 -14 15 -16 17 18 19 20 0
wuf20-0452-A 69 -1 2 -3 -4 5 6 7 8 9 -10 -11 -12 13 14 -15 -16 -17 -18 -19 -20 0
wuf20-0457-A 97 -1 -2 -3 4 -5 6 -7 8 -9 10 11 12 13 14 -15 16 17 -18 -19 -20 0
wuf20-0460-A 61 -1 2 3 -4 -5 -6 7 -8 9 -10 -11 12 13 14 -15 -16 -17 18 -19 -20 0
wuf20-0462-A 129 1 -2 3 4 -5 6 -7 -8 -9 10 11 -12 13 14 15 -16 17 18 19 20 0
wuf20-0466-A 89 -1 2 -3 -4 5 -6 7 -8 -9 10 11 12 -13 14 -15 -16 17 18 -19 -20 0
wuf20-0472-A 127 -1 -2 3 -4 5 6 7 8 -9 10 11 12 13 -14 15 16 -17 -18 19 20 0
wuf20-0475-A 89 -1 -2 3 -4 5 -6 7 8 -9 10 -11 12 -13 -14 15 -16 17 -18 -19 20 0
wuf20-0476-A 89 -1 2 -3 4 -5 -6 -7 -8 -9 -10 -11 12 13 14 -15 -16 17 18 19 20 0
wuf20-0481-A 69 -1 -2 -3 -4 -5 6 7 -8 -9 10 -11 12 -13 -14 -15 -16 -17 18 19 20 0
wuf20-0483-A 80 1 2 -3 -4 5 -6 7 -8 -9 10 11 12 -13 14 -15 16 17 18 19 20 0
wuf20-0488-A 115 1 -2 3 4 5 6 -7 -8 -9 10 -11 12 13 14 15 -16 17 -18 19 -20 0
wuf20-049-A 69 -1 -2 -3 4 -5 -6 7 8 -9 10 -11 -12 -13 14 15 16 -17 -18 -19 -20 0
wuf20-0491-A 82 1 -2 -3 4 -5 -6 7 8 9 -10 11 12 -13 -14 15 -16 -17 18 -19 -20 0
wuf20-0496-A 94 1 2 -3 4 5 -6 -7 8 -9 -10 11 12 13 14 15 -16 -17 -18 -19 -20 0
wuf20-0497-A 60 1 2 -3 4 -5 6 7 8 -9 -10 11 12 13 -14 15 16 17 -18 -19 -20 0
wuf20-0498-A 88 1 -2 3 -4 5 6 -7 8 -9 -10 11 -12 13 -14 15 -16 -17 18 -19 -20 0
wuf20-0499-A 94 -1 -2 3 4 5 6 7 8 -9 10 -11 -12 13 14 -15 16 -17 18 19 -20 0
wuf20-05-A 89 -1 -2 -3 -4 5 -6 7 -8 -9 10 -11 12 13 -14 15 16 -17 18 -19 20 0
wuf20-0500-A 117 1 2 3 -4 5 -6 7 8 -9 10 -11 12 13 -14 15 16 -17 18 -19 -20 0
wuf20-0501-A 94 1 2 3 4 -5 -6 -7 8 -9 -10 11 12 13 14 -15 16 -17 18 -19 20 0
wuf20-0503-A 79 -1 2 3 4 -5 -6 -7 8 9 10 -11 -12 13 14 -15 -16 -17 -18 19 -20 0
wuf20-0505-A 98 1 -2 3 4 -5 6 -7 -8 9 -10 11 12 -13 -14 15 -16 -17 18 19 -20 0
wuf20-0508-A 48 -1 -2 -3 -4 -5 -6 -7 8 -9 10 -11 -12 13 -14 -15 16 -17 18 -19 20 0
wuf20-0511-A 64 -1 -2 -3 -4 -5 6 7 8 -9 -10 -11 -12 13 -14 15 16 17 18 -19 -20 0
wuf20-0513-A 89 1 2 3 4 -5 -6 7 8 9 -10 -11 12 -13 -14 -15 -16 -17 18 19 20 0
wuf20-052-A 94 1 2 3 4 5 6 7 -8 -9 -10 -11 -12 13 -14 15 -16 17 -18 -19 20 0
wuf20-0523-A 119 1 2 3 -4 5 6 7 -8 -9 10 11 12 -13 14 15 -16 17 -18 -19 -20 0
wuf20-0526-A 119 -1 2 3 -4 5 6 7 8 -9 10 -11 12 -13 14 -15 16 17 18 -19 -20 0
wuf20-053-A 89 1 2 -3 -4 -5 -6 -7 8 9 10 -11 12 13 -14 15 16 -17 -18 -19 -20 0
wuf20-0530-A 101 1 2 3 4 -5 6 -7 -8 9 -10 -11 -12 13 -14 -15 16 17 -18 19 20 0
wuf20-0532-A 39 -1 -2 3 4 -5 -6 -7 -8 -9 10 -11 -12 -13 -14 -15 -16 -17 -18 -19 20 0
wuf20-0534-A 87 -1 2 3 4 5 -6 -7 8 -9 10 11 -12 -13 -14 -15 -16 17 -18 19 -20 0
wuf20-0539-A 79 -1 2 3 -4 5 -6 7 -8 9 10 -11 -12 -13 14 -15 -16 17 18 19 -20 0
wuf20-0540-A 99 -1 2 3 -4 5 -6 7 8 9 10 11 12 -13 -14 15 -16 17 18 -19 -20 0
wuf20-0542-A 129 1 2 3 4 5 -6 7 8 9 -10 11 -12 -13 14 15 -16 -17 -18 19 20 0
wuf20-0543-A 129 -1 -2 3 -4 -5 6 7 8 -9 10 11 12 13 14 15 16 17 -18 19 -20 0
wuf20-0545-A 129 1 2 3 -4 5 -6 7 -8 9 10 11 -12 -13 14 -15 16 -17 18 19 20 0
wuf20-0547-A 139 1 2 3 -4 5 -6 7 8 9 10 -11 -12 13 14 -15 16 17 18 -19 20 0
wuf20-0548-A 86 -1 -2 3 4 -5 -6 -7 8 9 -10 11 -12 13 -14 -15 -16 17 -18 19 20 0
wuf20-0552-A 89 -1 -2 3 -4 5 -6 -7 -8 9 -10 -11 -12 13 14 15 16 -17 -18 19 20 0
wuf20-0553-A 89 1 -2 -3 4 -5 6 7 8 9 -10 -11 -12 -13 -14 15 -16 -17 18 19 -20 0
wuf20-057-A 99 1 2 3 -4 -5 6 7 -8 9 10 11 12 -13 -14 -15 -16 -17 -18 19 20 0
wuf20-0572-A 89 -1 2 -3 -4 -5 6 7 -8 9 10 -11 -12 13 14 -15 16 -17 -18 19 -20 0
wuf20-0574-A 79 -1 2 3 -4 -5 -6 -7 -8 -9 10 -11 12 -13 -14 -15 16 -17 18 19 20 0
wuf20-0575-A 86 1 -2 -3 4 -5 6 -7 8 9 10 11 -12 13 14 -15 16 17 -18 -19 20 0
wuf20-0578-A 103 1 2 3 4 5 6 -7 -8 9 -10 -11 12 -13 14 -15 -16 -17 -18 19 20 0
wuf20-058-A 78 1 2 3 -4 -5 -6 7 -8 -9 10 11 12 13 14 -15 -16 17 18 -19 20 0
wuf20-0580-A 101 1 -2 -3 4 -5 6 7 8 9 10 11 -12 -13 14 15 16 -17 -18 -19 20 0
wuf20-0581-A 129 -1 2 3 4 -5 6 7 8 9 -10 11 12 -13 14 15 -16 -17 -18 19 20 0
wuf20-0584-A 79 1 2 -3 -4 5 6 -7 8 -9 -10 -11 -12 13 -14 15 16 -17 -18 -19 -20 0
wuf20-0587-A 76 1 2 -3 -4 5 -6 -7 -8 -9 10 11 -12 13 -14 15 -16 -17 -18 -19 20 0
wuf20-0588-A 76 1 -2 3 -4 5 6 -7 8 9 10 11 -12 -13 14 15 16 17 18 -19 20 0
wuf20-0589-A 141 1 2 3 4 5 -6 7 8 9 10 -11 -12 13 -14 15 16 17 18 19 20 0
wuf20-0591-A 99 1 -2 3 -4 5 6 -7 -8 -9 10 -11 12 -13 14 -15 16 -17 18 19 -20 0
wuf20-0593-A 93 -1 -2 -3 4 5 6 -7 -8 -9 -10 -11 12 13 14 -15 16 17 -18 19 20 0
wuf20-0595-A 119 -1 2 3 -4 5 6 7 8 9 -10 -11 12 13 -14 -15 16 17 -18 19 -20 0
wuf20-0596-A 89 1 -2 3 4 -5 6 -7 8 9 -10 -11 -12 13 -14 -15 -16 -17 18 -19 20 0
wuf20-0597-A 129 -1 -2 3 4 5 -6 7 8 9 10 -11 12 13 14 -15 -16 -17 18 19 20 0
wuf20-0598-A 109 1 -2 -3 -4 5 6 -7 -8 -9 10 11 12 -13 14 15 16 17 -18 -19 20 0
wuf20-0599-A 99 1 -2 -3 4 -5 -6 7 -8 9 -10 -11 12 13 14 15 -16 17 -18 19 -20 0
wuf20-060-A 115 1 2 3 -4 5 6 7 8 9 -10 -11 -12 -13 14 15 -16 17 18 19 -20 0
wuf20-0609-A 92 1 2 -3 4 -5 6 7 8 9 -10 -11 -12 -13 14 -15 16 -17 -18 19 -20 0
wuf20-0610-A 92 1 2 -3 -4 5 6 -7 8 9 -10 11 12 -13 -14 -15 16 -17 -18 19 20 0
wuf20-0611-A 67 -1 2 -3 4 -5 6 -7 -8 -9 10 -11 12 -13 14 15 -16 -17 -18 -19 -20 0
wuf20-0612-A 99 -1 -2 3 4 -5 6 -7 8 9 10 -11 12 -13 14 -15 -16 17 -18 -19 20 0
wuf20-0618-A 89 -1 2 -3 4 -5 -6 -7 8 9 -10 11 -12 13 -14 -15 -16 17 18 19 -20 0
wuf20-0622-A 70 -1 -2 -3 4 5 6 -7 8 9 -10 11 12 13 14 15 -16 17 -18 -19 -20 0
wuf20-0628-A 98 1 2 -3 -4 -5 6 -7 8 -9 10 11 12 13 14 -15 -16 17 -18 -19 -20 0
wuf20-0633-A 73 1 -2 3 4 -5 -6 7 -8 -9 10 -11 -12 -13 -14 15 -16 -17 18 19 20 0
wuf20-0634-A 75 -1 2 3 -4 5 6 7 -8 9 10 11 12 -13 -14 -15 -16 17 18 -19 -20 0
wuf20-0636-A 114 1 2 3 -4 5 6 7 8 9 10 11 -12 -13 -14 -15 16 17 -18 19 -20 0
wuf20-0641-A 89 -1 2 3 -4 -5 6 7 8 9 10 -11 -12 -13 14 -15 16 -17 18 -19 -20 0
wuf20-0644-A 79 1 2 3 4 -5 -6 -7 8 9 10 -11 12 -13 14 15 -16 -17 -18 19 20 0
wuf20-0645-A 69 1 2 3 -4 -5 -6 -7 -8 9 -10 11 -12 13 -14 15 -16 -17 -18 19 -20 0
wuf20-0646-A 116 1 -2 -3 4 -5 -6 7 8 -9 10 -11 12 13 14 15 16 -17 -18 19 20 0
wuf20-0647-A 99 1 2 -3 4 5 6 -7 -8 -9 -10 11 -12 13 14 -15 16 -17 -18 -19 20 0
wuf20-0648-A 102 1 2 3 4 5 -6 -7 8 9 -10 11 -12 -13 14 15 16 17 -18 19 -20 0
wuf20-065-A 70 1 -2 3 -4 -5 -6 -7 -8 -9 -10 -11 12 13 14 15 -16 17 -18 19 -20 0
wuf20-0652-A 129 -1 -2 3 4 5 6 7 8 9 10 11 12 13 -14 -15 16 -17 -18 19 -20 0
wuf20-0653-A 53 -1 -2 -3 4 -5 -6 -7 8 9 -10 -11 12 13 14 -15 -16 -17 18 19 20 0
wuf20-0655-A 50 -1 -2 -3 4 5 6 7 8 -9 10 -11 -12 -13 -14 -15 -16 -17 18 19 20 0
wuf20-0656-A 89 1 2 -3 4 5 -6 -7 -8 9 -10 -11 12 -13 14 -15 -16 -17 18 19 -20 0
wuf20-0659-A 60 1 2 3 -4 -5 6 -7 8 9 10 11 12 13 -14 -15 -16 -17 -18 19 -20 0
wuf20-0660-A 119 1 2 -3 -4 5 -6 7 8 9 10 -11 12 -13 14 15 -16 -17 18 19 -20 0
wuf20-0661-A 102 -1 2 -3 -4 -5 6 -7 8 9 10 -11 -12 13 14 15 16 -17 18 -19 20 0
wuf20-0665-A 46 -1 2 -3 -4 5 -6 -7 -8 9 -10 11 12 13 14 -15 -16 17 18 -19 -20 0
wuf20-0668-A 87 1 -2 3 -4 5 -6 -7 -8 -9 -10 11 12 -13 14 15 -16 -17 -18 19 20 0
wuf20-0669-A 109 1 2 -3 4 -5 -6 -7 -8 -9 10 11 -12 -13 14 15 16 -17 18 19 20 0
wuf20-0670-A 79 -1 2 -3 4 5 -6 -7 -8 9 10 -11 12 -13 14 -15 -16 -17 18 -19 -20 0
wuf20-0671-A 66 -1 -2 -3 -4 5 -6 7 -8 -9 10 11 12 13 -14 15 -16 17 -18 -19 20 0
wuf20-0672-A 99 1 -2 3 4 -5 6 -7 -8 9 10 11 -12 13 -14 15 -16 -17 18 -19 -20 0
wuf20-0673-A 70 -1 2 -3 4 5 6 -7 -8 -9 10 11 12 -13 14 -15 16 -17 -18 19 20 0
wuf20-0675-A 129 1 2 3 4 -5 -6 7 8 9 -10 -11 12 13 14 15 -16 -17 18 -19 20 0
wuf20-0676-A 47 -1 -2 -3 -4 5 6 7 -8 9 10 11 12 13 -14 -15 16 -17 -18 -19 -20 0
wuf20-068-A 83 1 -2 -3 4 -5 6 -7 8 -9 -10 -11 -12 -13 14 15 -16 -17 18 19 20 0
wuf20-0680-A 129 -1 2 3 4 -5 -6 7 8 9 -10 -11 -12 13 14 15 16 17 18 19 -20 0
wuf20-0681-A 108 1 2 3 4 5 -6 -7 8 9 -10 -11 -12 13 14 15 16 -17 18 19 20 0
wuf20-0682-A 45 -1 2 -3 -4 -5 -6 7 -8 9 10 -11 -12 -13 14 -15 -16 17 -18 -19 -20 0
wuf20-0687-A 109 -1 2 3 -4 -5 6 7 -8 -9 -10 11 12 13 -14 -15 16 17 18 -19 20 0
wuf20-0688-A 64 -1 2 -3 -4 -5 -6 7 8 -9 -10 11 12 13 -14 15 -16 -17 -18 -19 -20 0
wuf20-069-A 99 1 2 3 4 -5 -6 -7 -8 9 -10 11 -12 13 14 -15 -16 17 -18 19 -20 0
wuf20-0693-A 119 -1 -2 -3 -4 5 -6 7 -8 9 10 11 -12 13 14 15 16 17 -18 19 20 0
wuf20-0694-A 129 -1 2 3 4 5 6 -7 -8 9 10 11 12 -13 -14 -15 -16 17 18 19 20 0
wuf20-0695-A 159 1 2 3 -4 5 6 7 8 9 10 -11 -12 13 14 15 16 -17 18 19 20 0
wuf20-0699-A 72 -1 2 3 4 -5 -6 -7 8 -9 10 11 12 -13 -14 -15 -16 17 -18 -19 -20 0
wuf20-07-A 78 -1 -2 3 4 -5 -6 7 8 -9 10 -11 12 -13 14 15 -16 17 18 -19 20 0
wuf20-0703-A 77 -1 -2 -3 4 5 -6 7 8 9 -10 -11 12 13 14 -15 16 17 -18 -19 -20 0
wuf20-0704-A 72 -1 -2 -3 4 -5 6 7 -8 -9 10 -11 -12 13 -14 15 16 17 18 -19 -20 0
wuf20-0705-A 119 -1 2 3 4 5 6 7 8 -9 -10 11 12 -13 -14 -15 16 17 18 -19 -20 0
wuf20-0707-A 70 -1 -2 3 -4 -5 6 -7 -8 9 -10 11 -12 -13 -14 15 16 -17 -18 19 20 0
wuf20-0709-A 113 1 -2 3 -4 -5 -6 7 8 9 10 -11 -12 13 14 15 16 17 18 19 20 0
wuf20-0714-A 104 -1 2 -3 4 5 -6 -7 8 9 10 -11 12 13 14 15 16 17 18 19 20 0
wuf20-0717-A 119 1 2 3 4 5 -6 7 8 -9 10 -11 12 -13 14 15 -16 -17 18 -19 -20 0
wuf20-0719-A 77 -1 2 -3 -4 -5 6 7 -8 9 -10 11 12 13 -14 -15 -16 -17 -18 19 20 0
wuf20-0722-A 105 1 2 -3 4 -5 6 7 8 -9 10 11 12 -13 14 15 16 17 18 19 -20 0
wuf20-0726-A 56 -1 2 -3 -4 -5 -6 7 8 -9 -10 11 -12 -13 -14 -15 16 17 18 -19 -20 0
wuf20-0727-A 101 -1 2 -3 -4 5 -6 7 -8 9 10 11 -12 -13 14 15 16 -17 18 19 20 0
wuf20-073-A 129 1 2 -3 -4 -5 6 7 -8 9 10 -11 12 13 -14 -15 16 17 18 19 20 0
wuf20-0736-A 99 -1 2 -3 4 5 -6 7 -8 9 -10 -11 -12 -13 14 15 -16 17 -18 19 20 0
wuf20-0737-A 97 1 2 3 -4 -5 -6 7 -8 -9 10 11 12 13 14 15 -16 -17 -18 -19 20 0
wuf20-0738-A 112 -1 2 3 4 -5 6 7 8 9 10 11 -12 13 -14 -15 16 17 18 19 20 0
wuf20-0740-A 99 1 2 3 -4 5 -6 -7 -8 -9 10 11 -12 -13 -14 15 -16 17 18 -19 20 0
wuf20-0745-A 91 1 -2 -3 4 5 6 7 8 -9 10 -11 12 13 -14 15 16 17 -18 -19 -20 0
wuf20-075-A 88 1 2 3 -4 5 -6 -7 8 -9 10 11 -12 13 -14 15 16 -17 -18 19 -20 0
wuf20-0750-A 139 1 2 3 -4 5 6 -7 -8 9 -10 11 -12 13 14 -15 16 17 18 19 20 0
wuf20-0753-A 78 1 -2 -3 4 5 -6 -7 8 9 -10 -11 12 13 -14 -15 16 -17 18 -19 -20 0
wuf20-0754-A 84 1 2 3 -4 -5 -6 -7 -8 -9 10 11 -12 -13 -14 -15 16 17 18 19 20 0
wuf20-0765-A 105 -1 -2 3 -4 5 -6 -7 -8 9 -10 11 -12 13 14 15 16 17 18 -19 20 0
wuf20-0768-A 66 -1 -2 3 -4 -5 -6 7 -8 -9 -10 11 -12 13 14 -15 16 17 18 19 20 0
wuf20-077-A 74 -1 2 3 4 5 -6 -7 -8 -9 -10 11 12 13 14 -15 -16 17 -18 -19 20 0
wuf20-0771-A 119 1 2 3 -4 5 6 -7 8 -9 -10 11 -12 13 14 15 -16 17 18 -19 -20 0
wuf20-0772-A 72 -1 2 -3 -4 5 6 -7 8 -9 10 11 12 13 -14 -15 16 17 18 -19 20 0
wuf20-0773-A 69 1 -2 3 4 -5 -6 7 8 -9 10 -11 12 -13 14 -15 -16 17 18 19 -20 0
wuf20-0777-A 109 -1 2 -3 4 5 -6 7 -8 9 -10 11 12 -13 -14 15 16 -17 18 19 -20 0
wuf20-0778-A 99 1 2 -3 -4 -5 -6 -7 8 9 10 11 -12 -13 14 15 16 -17 18 -19 -20 0
wuf20-0779-A 88 1 2 -3 4 -5 -6 7 8 9 -10 -11 12 -13 -14 15 -16 17 18 -19 20 0
wuf20-0781-A 89 1 -2 -3 4 -5 -6 -7 -8 9 10 -11 -12 -13 -14 15 16 17 18 19 -20 0
wuf20-0783-A 129 -1 2 -3 4 -5 -6 7 8 9 -10 11 -12 13 14 15 16 17 -18 19 20 0
wuf20-0784-A 87 -1 -2 -3 4 5 6 7 -8 9 -10 -11 -12 -13 14 15 16 -17 -18 19 20 0
wuf20-0787-A 52 1 2 -3 -4 -5 -6 7 -8 -9 10 11 -12 13 -14 15 -16 17 18 19 20 0
wuf20-0788-A 94 1 -2 3 4 -5 -6 7 8 9 10 -11 -12 13 14 15 16 -17 -18 19 -20 0
wuf20-079-A 69 1 -2 3 4 5 6 -7 -8 -9 10 11 -12 -13 14 15 -16 17 18 -19 -20 0
wuf20-0793-A 100 -1 2 3 -4 5 -6 -7 8 9 10 11 12 13 -14 15 -16 -17 18 -19 -20 0
wuf20-0794-A 119 1 -2 3 4 5 -6 -7 8 9 10 11 12 -13 14 -15 16 -17 18 -19 -20 0
wuf20-0795-A 96 -1 2 3 -4 5 6 7 8 9 10 11 12 -13 -14 15 -16 -17 18 -19 -20 0
wuf20-0798-A 139 1 2 3 4 5 -6 7 -8 -9 -10 11 -12 13 14 15 16 17 18 -19 20 0
wuf20-0799-A 104 1 2 3 -4 5 -6 -7 -8 9 -10 -11 -12 13 14 15 16 17 -18 19 -20 0
wuf20-0801-A 98 -1 -2 3 -4 -5 6 -7 -8 9 10 11 12 13 14 15 -16 17 18 -19 20 0
wuf20-0806-A 119 -1 -2 -3 4 -5 -6 7 8 9 10 11 12 13 -14 15 -16 17 -18 19 20 0
wuf20-0807-A 83 -1 -2 -3 4 5 -6 7 8 -9 -10 11 12 -13 14 -15 16 17 -18 19 -20 0
wuf20-081-A 99 1 2 -3 4 -5 6 -7 -8 9 10 11 12 13 -14 -15 -16 -17 18 -19 -20 0
wuf20-0810-A 73 1 -2 -3 -4 5 6 -7 -8 9 10 11 -12 13 -14 15 16 -17 -18 19 20 0
wuf20-0811-A 63 -1 -2 -3 -4 5 6 7 8 -9 -10 -11 -12 -13 14 -15 16 -17 18 19 20 0
wuf20-0814-A 71 1 -2 -3 4 5 6 7 -8 -9 -10 11 -12 13 14 -15 16 -17 -18 19 -20 0
wuf20-0817-A 71 1 -2 3 -4 -5 6 -7 8 9 10 11 -12 13 14 15 -16 -17 -18 -19 20 0
wuf20-082-A 95 1 2 3 4 5 -6 -7 -8 9 10 -11 -12 13 14 -15 16 17 18 -19 20 0
wuf20-0830-A 89 1 -2 -3 -4 -5 6 -7 -8 9 -10 11 -12 13 14 -15 -16 17 18 19 -20 0
wuf20-0831-A 125 -1 2 -3 4 -5 6 7 8 9 10 11 12 -13 -14 15 -16 17 18 -19 20 0
wuf20-0833-A 114 1 2 3 -4 5 6 7 -8 9 -10 -11 -12 -13 14 15 16 -17 18 19 -20 0
wuf20-0834-A 52 -1 -2 3 -4 -5 -6 7 -8 9 -10 -11 -12 -13 14 -15 16 -17 -18 19 -20 0
wuf20-0836-A 95 -1 2 -3 -4 5 6 7 -8 9 10 11 -12 13 -14 -15 16 17 -18 -19 20 0
wuf20-0838-A 48 -1 2 -3 4 -5 6 7 -8 -9 10 -11 -12 -13 -14 -15 -16 17 -18 19 20 0
wuf20-0839-A 107 -1 2 3 4 -5 -6 7 8 -9 10 11 12 13 -14 -15 16 -17 -18 -19 20 0
wuf20-0846-A 55 -1 -2 -3 -4 5 6 7 8 9 -10 11 -12 13 14 15 16 -17 -18 19 20 0
wuf20-0848-A 89 1 2 -3 4 -5 6 -7 8 -9 10 -11 12 -13 -14 15 16 -17 -18 -19 -20 0
wuf20-085-A 139 1 2 -3 4 -5 -6 7 8 9 10 11 12 -13 -14 15 16 17 -18 19 20 0
wuf20-0852-A 52 1 2 3 -4 5 -6 7 -8 -9 -10 -11 12 -13 -14 -15 -16 -17 18 19 -20 0
wuf20-0853-A 129 1 2 3 4 5 6 -7 -8 -9 10 -11 -12 13 14 -15 16 17 18 -19 20 0
wuf20-0854-A 75 1 -2 -3 -4 -5 6 7 -8 9 -10 -11 12 -13 -14 15 16 17 -18 19 20 0
wuf20-0855-A 109 -1 -2 3 4 5 6 7 8 -9 10 11 12 -13 14 -15 -16 -17 -18 19 -20 0
wuf20-0857-A 77 -1 -2 3 4 -5 6 -7 -8 -9 10 11 12 -13 14 15 -16 17 -18 -19 -20 0
wuf20-0859-A 112 1 -2 -3 -4 5 6 -7 8 9 -10 11 12 -13 14 15 16 -17 18 19 20 0
wuf20-086-A 61 1 2 -3 4 -5 -6 7 8 -9 -10 -11 -12 -13 14 15 -16 -17 -18 -19 20 0
wuf20-0864-A 88 1 -2 -3 4 -5 -6 7 -8 -9 10 11 12 -13 -14 15 16 17 -18 -19 20 0
wuf20-0869-A 77 -1 2 -3 4 -5 -6 -7 8 -9 10 11 -12 -13 14 15 -16 -17 -18 -19 20 0
wuf20-0870-A 99 1 -2 -3 -4 -5 -6 -7 -8 9 -10 11 12 13 -14 15 16 17 18 19 20 0
wuf20-0872-A 46 -1 -2 3 -4 -5 -6 -7 8 9 -10 -11 -12 13 14 -15 16 17 -18 -19 -20 0
wuf20-0874-A 99 1 2 3 -4 5 6 7 -8 9 10 11 12 -13 14 15 16 -17 -18 19 20 0
wuf20-0877-A 109 1 2 -3 -4 5 -6 7 8 -9 10 -11 12 -13 -14 15 16 17 -18 -19 20 0
wuf20-0882-A 109 -1 -2 3 -4 5 6 -7 8 9 10 11 -12 13 14 15 -16 -17 18 19 -20 0
wuf20-0886-A 109 1 -2 -3 -4 5 -6 7 -8 -9 10 11 12 -13 14 -15 16 -17 18 19 20 0
wuf20-0888-A 89 1 -2 -3 -4 -5 6 -7 8 9 10 -11 -12 -13 14 15 -16 17 -18 19 20 0
wuf20-089-A 63 1 -2 -3 4 5 -6 7 -8 9 -10 -11 12 -13 -14 -15 -16 -17 -18 19 20 0
wuf20-0890-A 94 1 2 3 -4 -5 -6 -7 -8 -9 -10 11 12 13 -14 15 -16 17 18 19 -20 0
wuf20-0891-A 98 -1 2 -3 4 5 6 7 8 -9 -10 11 12 13 -14 15 -16 -17 -18 -19 -20 0
wuf20-0898-A 80 -1 -2 -3 -4 5 -6 -7 -8 9 -10 11 12 13 -14 15 -16 17 18 19 -20 0
wuf20-0900-A 67 1 -2 3 4 5 -6 -7 -8 9 10 11 12 13 -14 -15 -16 17 18 -19 -20 0
wuf20-0901-A 139 1 2 3 -4 5 -6 -7 8 9 10 -11 12 13 14 -15 16 17 -18 19 20 0
wuf20-0906-A 84 -1 -2 3 4 5 -6 7 -8 9 10 -11 -12 13 -14 -15 -16 17 18 19 -20 0
wuf20-0908-A 59 -1 -2 -3 4 -5 6 -7 -8 9 -10 11 -12 -13 -14 15 -16 -17 18 -19 -20 0
wuf20-0913-A 84 1 -2 3 4 -5 6 7 8 -9 -10 -11 -12 -13 14 15 16 -17 18 -19 -20 0
wuf20-0914-A 119 1 -2 3 4 5 6 -7 -8 9 -10 11 12 13 -14 15 -16 17 -18 -19 20 0
wuf20-0918-A 89 1 2 -3 -4 -5 6 -7 8 -9 10 11 -12 -13 -14 -15 16 -17 18 -19 20 0
wuf20-0919-A 100 -1 2 -3 4 5 6 7 -8 9 10 11 12 -13 -14 -15 -16 17 18 19 -20 0
wuf20-0920-A 89 1 2 3 4 -5 6 7 8 -9 -10 11 -12 13 14 -15 16 17 -18 19 20 0
wuf20-0921-A 111 1 -2 3 -4 5 -6 7 -8 9 10 -11 12 13 14 15 -16 -17 18 19 20 0
wuf20-0923-A 78 1 -2 3 -4 5 -6 -7 8 -9 10 -11 12 13 -14 15 16 17 -18 -19 20 0
wuf20-0925-A 68 -1 2 3 4 5 6 7 -8 9 -10 11 -12 -13 14 15 -16 -17 -18 19 -20 0
wuf20-0926-A 107 -1 2 3 4 -5 -6 7 -8 9 -10 -11 12 13 14 15 -16 -17 -18 19 20 0
wuf20-0928-A 89 -1 2 -3 4 -5 -6 -7 8 9 -10 11 12 -13 -14 -15 -16 17 18 -19 20 0
wuf20-093-A 90 -1 2 3 4 -5 -6 -7 -8 -9 -10 -11 12 13 14 15 -16 -17 18 19 20 0
wuf20-0930-A 89 -1 2 3 -4 -5 -6 7 -8 9 -10 11 -12 -13 14 -15 -16 -17 18 19 20 0
wuf20-0931-A 137 -1 2 3 4 -5 6 7 8 9 10 11 12 13 -14 -15 16 -17 -18 19 20 0
wuf20-0933-A 88 -1 -2 -3 4 5 6 -7 -8 -9 -10 -11 -12 13 14 15 -16 17 -18 19 20 0
wuf20-094-A 109 1 2 3 -4 5 -6 -7 8 -9 10 11 -12 13 -14 -15 16 17 18 -19 -20 0
wuf20-0941-A 67 -1 2 3 -4 -5 -6 -7 8 -9 10 -11 -12 13 14 15 16 -17 -18 -19 20 0
wuf20-0944-A 78 -1 2 3 4 5 -6 -7 -8 -9 -10 -11 -12 13 -14 15 16 -17 -18 19 -20 0
wuf20-0945-A 89 -1 2 -3 4 5 6 -7 -8 9 -10 -11 -12 13 14 -15 -16 17 -18 -19 20 0
wuf20-0946-A 75 1 -2 -3 -4 -5 6 -7 -8 -9 -10 11 12 13 14 -15 16 17 18 19 20 0
wuf20-0948-A 129 -1 2 3 -4 -5 -6 7 8 -9 10 11 12 13 14 15 -16 17 18 19 -20 0
wuf20-0949-A 96 1 2 -3 -4 -5 -6 7 -8 9 -10 11 -12 13 14 -15 -16 17 18 19 -20 0
wuf20-0952-A 88 1 -2 3 4 5 6 -7 8 9 -10 11 12 13 -14 -15 -16 -17 18 -19 -20 0
wuf20-0955-A 72 -1 2 3 -4 5 6 7 -8 9 -10 -11 -12 -13 -14 -15 16 17 -18 -19 20 0
wuf20-0956-A 109 -1 2 -3 4 -5 6 -7 -8 9 -10 11 -12 -13 14 -15 16 17 18 19 20 0
wuf20-0957-A 94 -1 -2 3 -4 5 -6 7 -8 9 -10 -11 -12 -13 14 15 16 17 18 -19 20 0
wuf20-0961-A 60 1 -2 -3 4 -5 6 7 8 9 -10 -11 -12 -13 -14 -15 -16 17 18 -19 -20 0
wuf20-0967-A 129 -1 2 -3 -4 5 6 7 8 -9 -10 11 12 13 -14 15 16 -17 18 19 20 0
wuf20-0968-A 101 1 2 3 -4 5 -6 -7 -8 9 10 11 -12 -13 14 -15 16 17 18 19 -20 0
wuf20-0973-A 109 -1 2 -3 4 5 -6 7 -8 9 -10 -11 -12 13 14 15 16 17 -18 -19 20 0
wuf20-0974-A 80 1 -2 -3 4 5 6 -7 -8 -9 -10 -11 -12 -13 14 15 -16 17 -18 19 20 0
wuf20-0976-A 79 -1 -2 3 -4 -5 -6 -7 8 9 -10 -11 -12 13 14 -15 16 -17 -18 19 20 0
wuf20-0977-A 99 1 2 -3 4 5 6 7 -8 -9 -10 -11 -12 13 -14 15 -16 17 -18 -19 20 0
wuf20-098-A 111 1 2 -3 -4 -5 -6 -7 8 9 10 11 -12 13 14 15 -16 17 -18 19 20 0
wuf20-0981-A 101 -1 2 3 -4 5 6 -7 8 -9 10 11 12 -13 -14 15 16 -17 18 -19 -20 0
wuf20-0982-A 97 1 -2 3 4 5 -6 -7 8 -9 10 11 -12 -13 14 -15 16 -17 18 -19 20 0
wuf20-0985-A 109 1 -2 3 4 5 -6 -7 -8 9 -10 11 12 -13 14 -15 -16 17 -18 19 20 0
wuf20-0988-A 103 1 2 3 4 -5 6 7 8 -9 10 11 -12 -13 -14 -15 16 17 18 19 -20 0
wuf20-0989-A 76 -1 -2 -3 -4 5 6 7 8 -9 10 -11 -12 -13 -14 -15 -16 17 -18 19 20 0
wuf20-099-A 44 1 -2 3 4 -5 -6 7 -8 -9 -10 -11 -12 -13 -14 -15 -16 17 -18 -19 20 0
wuf20-0993-A 109 1 2 3 -4 -5 6 7 8 -9 -10 -11 12 -13 -14 -15 -16 17 18 19 20 0
wuf20-0994-A 55 -1 -2 -3 -4 5 -6 7 -8 -9 10 -11 -12 13 -14 -15 16 17 18 19 -20 0
wuf20-0998-A 105 -1 2 -3 4 -5 6 7 8 9 10 11 12 -13 -14 -15 16 17 -18 19 -20 0
