wuf20-01 6403 1 2 3 4 -5 6 7 8 9 10 11 12 -13 14 -15 16 17 18 19 20 0
wuf20-010 7843 -1 2 3 4 5 6 7 8 9 10 11 12 13 14 15 16 -17 -18 19 20 0
wuf20-0100 6375 1 2 3 4 5 -6 -7 8 9 -10 11 12 13 14 15 16 -17 -18 19 20 0
wuf20-01000 5738 -1 2 3 4 5 6 7 8 9 10 -11 12 13 14 -15 -16 -17 18 19 -20 0
wuf20-0101 6072 1 2 3 4 -5 6 -7 8 -9 10 11 -12 -13 14 15 16 17 18 19 20 0
wuf20-0102 4641 1 2 3 -4 -5 6 7 -8 9 10 -11 12 13 14 -15 16 17 -18 -19 -20 0
wuf20-0103 6887 -1 2 3 4 5 6 -7 8 9 10 11 12 13 -14 15 16 -17 18 19 -20 0
wuf20-0104 6132 1 2 3 4 5 -6 7 8 9 -10 11 12 13 -14 15 16 17 -18 -19 20 0
wuf20-0105 6790 -1 2 3 4 5 6 7 -8 9 10 11 12 -13 -14 15 -16 17 18 19 20 0
wuf20-0106 7577 -1 2 3 4 5 6 7 8 9 10 11 12 13 14 15 16 -17 18 -19 20 0
wuf20-0107 6019 1 2 3 4 -5 6 7 -8 9 10 -11 12 13 -14 15 -16 17 18 19 -20 0
wuf20-0108 9424 1 2 3 4 5 6 7 8 9 10 11 -12 13 14 15 16 17 18 19 20 0
wuf20-0109 4259 1 2 3 4 5 -6 7 -8 9 10 11 -12 -13 14 -15 -16 -17 -18 19 -20 0
wuf20-011 7683 1 2 3 4 5 6 -7 -8 -9 10 -11 12 13 14 15 16 17 18 19 20 0
wuf20-0110 5934 1 -2 3 4 5 6 7 8 9 -10 11 -12 13 14 15 16 17 18 19 -20 0
wuf20-0111 7509 1 2 3 4 5 6 7 8 9 -10 -11 12 -13 14 15 16 17 -18 19 20 0
wuf20-0112 7483 -1 2 3 4 5 6 7 8 -9 10 11 12 13 14 15 16 17 18 -19 20 0
wuf20-0113 6500 1 -2 3 4 -5 6 7 8 9 10 11 -12 -13 14 15 16 17 18 19 -20 0
wuf20-0114 7960 1 2 3 4 5 6 7 -8 9 -10 11 12 13 14 15 16 17 -18 19 20 0
wuf20-0115 5570 1 -2 3 4 5 -6 -7 -8 9 10 11 12 13 14 -15 16 17 18 -19 20 0
wuf20-0116 6192 1 2 3 4 -5 6 7 8 9 -10 11 12 13 14 -15 16 17 -18 -19 -20 0
wuf20-0117 6407 -1 -2 -3 4 5 6 7 8 -9 10 11 12 13 14 15 16 17 18 19 -20 0
wuf20-0118 6605 1 -2 -3 4 5 -6 7 8 -9 10 11 -12 13 14 15 16 17 18 19 20 0
wuf20-0119 7538 1 2 3 4 5 6 7 8 -9 10 11 -12 13 14 15 16 17 -18 19 -20 0
wuf20-012 5375 1 -2 3 -4 -5 6 7 8 9 -10 -11 12 13 14 15 -16 17 18 19 -20 0
wuf20-0120 6529 1 -2 3 4 5 6 7 8 9 10 11 12 -13 -14 15 16 17 18 -19 -20 0
wuf20-0121 7821 1 -2 3 4 -5 6 7 8 9 10 11 12 13 14 15 16 17 18 -19 20 0
wuf20-0122 7238 1 2 3 4 5 6 7 -8 9 10 11 12 -13 14 -15 16 17 18 19 -20 0
wuf20-0123 8000 1 2 3 4 5 -6 7 8 9 10 -11 12 13 14 15 16 17 18 -19 20 0
wuf20-0124 7200 1 2 3 4 5 6 7 8 9 10 11 12 13 14 -15 -16 17 -18 19 -20 0
wuf20-0125 8727 1 2 3 4 5 6 7 8 -9 10 11 12 13 14 -15 16 17 18 19 20 0
wuf20-0126 8130 1 2 3 4 5 6 7 8 9 10 11 12 -13 14 15 -16 17 18 -19 20 0
wuf20-0127 5643 1 2 3 -4 -5 6 -7 8 9 10 11 12 13 14 15 16 -17 -18 -19 20 0
wuf20-0128 6665 1 -2 3 4 5 6 7 8 9 10 11 12 -13 14 15 -16 -17 18 19 -20 0
wuf20-0129 4382 1 -2 3 4 5 6 7 8 9 10 -11 12 -13 14 -15 -16 17 -18 19 20 0
wuf20-013 5570 1 2 3 4 5 6 7 8 9 -10 -11 12 -13 14 15 -16 17 -18 -19 20 0
wuf20-0130 5090 -1 -2 3 4 5 -6 7 8 9 10 11 12 13 -14 -15 16 -17 18 19 -20 0
wuf20-0131 8047 1 2 3 4 5 -6 7 -8 9 10 -11 12 13 14 15 16 17 18 19 20 0
wuf20-0132 6196 1 2 3 4 5 6 7 8 -9 10 -11 12 -13 14 -15 -16 17 18 19 20 0
wuf20-0133 8786 1 -2 3 4 5 6 7 -8 9 10 11 12 13 14 15 16 17 18 19 20 0
wuf20-0134 6323 1 2 -3 -4 5 6 7 8 9 10 11 12 13 14 -15 -16 17 18 -19 20 0
wuf20-0135 5550 1 2 3 4 -5 6 7 -8 -9 10 -11 12 13 -14 -15 16 -17 18 19 20 0
wuf20-0136 8130 1 2 3 -4 5 6 7 -8 9 10 11 12 13 14 15 16 17 -18 19 20 0
wuf20-0137 4081 -1 2 -3 4 -5 6 -7 8 9 -10 -11 -12 13 14 -15 16 17 18 19 -20 0
wuf20-0138 6280 -1 -2 -3 4 5 6 7 8 9 10 -11 12 13 -14 15 16 17 18 -19 20 0
wuf20-0139 5633 -1 -2 3 -4 5 6 7 -8 9 10 11 12 13 -14 15 16 17 18 19 20 0
wuf20-014 7025 1 -2 3 4 5 6 -7 8 -9 10 11 12 13 14 15 16 17 18 19 -20 0
wuf20-0140 8816 1 2 3 -4 5 6 7 8 9 10 11 12 13 14 15 -16 17 18 19 20 0
wuf20-0141 5866 1 2 3 -4 5 6 7 -8 9 10 11 12 -13 14 15 16 17 -18 -19 20 0
wuf20-0142 6483 1 2 3 -4 -5 -6 7 8 -9 -10 11 12 13 14 15 16 17 18 19 20 0
wuf20-0143 7505 1 2 3 4 5 6 7 8 -9 10 11 12 13 14 15 16 17 18 19 -20 0
wuf20-0144 4605 -1 -2 3 -4 5 6 7 -8 9 10 -11 12 13 -14 -15 16 17 18 -19 20 0
wuf20-0145 6201 1 2 3 -4 5 6 -7 8 9 10 -11 12 13 -14 15 16 17 18 -19 -20 0
wuf20-0146 6179 1 2 -3 -4 5 6 7 8 -9 10 -11 12 13 -14 15 16 -17 18 19 20 0
wuf20-0147 5874 1 2 3 -4 5 -6 7 8 -9 10 11 -12 13 14 -15 16 17 18 19 -20 0
wuf20-0148 7276 1 2 -3 4 5 6 7 -8 -9 10 11 12 13 -14 15 -16 17 18 19 20 0
wuf20-0149 5398 1 2 -3 4 5 6 -7 8 9 -10 -11 12 13 14 15 16 17 18 -19 20 0
wuf20-015 5046 -1 2 3 4 5 6 7 8 9 10 11 -12 13 14 15 -16 -17 18 19 -20 0
wuf20-0150 5595 1 2 3 4 -5 -6 -7 8 -9 10 -11 12 -13 14 15 16 17 18 19 20 0
wuf20-0151 7707 1 2 -3 4 5 6 7 8 9 10 11 12 13 14 15 16 -17 18 -19 20 0
wuf20-0152 4206 1 2 -3 -4 5 6 7 -8 -9 10 -11 12 13 14 -15 16 17 -18 -19 -20 0
wuf20-0153 5528 -1 2 3 -4 5 6 7 8 9 10 -11 -12 13 14 15 -16 17 18 19 -20 0
wuf20-0154 8111 1 -2 3 4 5 6 7 8 9 10 -11 12 13 14 15 -16 17 18 19 20 0
wuf20-0155 7280 1 2 3 4 5 -6 -7 8 9 10 11 12 13 14 15 16 -17 18 -19 20 0
wuf20-0156 5044 1 2 -3 4 5 -6 7 8 9 10 11 -12 13 -14 -15 -16 17 -18 19 20 0
wuf20-0157 5541 -1 2 3 4 -5 6 7 8 9 10 11 12 -13 14 -15 16 17 -18 -19 20 0
wuf20-0158 6179 1 2 3 4 5 6 -7 8 9 10 11 12 13 -14 -15 16 17 -18 19 -20 0
wuf20-0159 7001 1 2 -3 -4 5 6 -7 8 9 10 11 -12 13 14 15 16 17 18 19 20 0
wuf20-016 6936 1 2 -3 4 5 -6 -7 8 9 10 11 12 13 14 15 -16 -17 18 19 20 0
wuf20-0160 8538 1 2 -3 4 5 6 7 8 9 10 11 12 13 14 15 16 17 18 19 20 0
wuf20-0161 7085 1 -2 -3 4 5 6 7 8 9 10 11 12 13 14 15 16 -17 18 -19 20 0
wuf20-0162 7251 1 2 -3 4 5 6 7 -8 9 10 11 12 -13 14 15 16 17 18 19 -20 0
wuf20-0163 8374 -1 2 3 4 5 6 7 8 9 -10 11 12 13 14 15 16 17 18 19 20 0
wuf20-0164 5080 1 -2 3 4 5 6 7 8 9 -10 11 12 13 -14 15 -16 -17 -18 -19 20 0
wuf20-0165 7730 1 2 3 4 5 6 -7 8 9 10 11 -12 13 14 15 16 -17 18 19 -20 0
wuf20-0166 5471 -1 2 3 4 -5 6 7 -8 9 10 11 12 -13 -14 -15 16 17 18 19 -20 0
wuf20-0167 6535 1 -2 3 4 5 6 7 8 9 10 11 12 13 14 -15 16 -17 18 -19 -20 0
wuf20-0168 6303 1 -2 3 -4 5 6 7 8 -9 10 11 12 -13 14 15 16 17 18 -19 -20 0
wuf20-0169 5790 -1 2 3 4 5 6 7 8 9 10 11 -12 13 -14 15 -16 17 18 -19 -20 0
wuf20-017 7948 1 2 3 4 5 6 7 8 9 10 11 12 -13 14 15 16 -17 18 19 20 0
wuf20-0170 6983 1 2 3 4 5 6 7 8 9 -10 11 12 13 14 -15 16 17 -18 19 -20 0
wuf20-0171 8216 1 2 3 4 5 6 7 8 9 10 11 12 13 14 15 16 -17 18 -19 20 0
wuf20-0172 5946 1 2 3 -4 -5 6 -7 -8 -9 10 11 12 13 14 15 16 -17 18 19 20 0
wuf20-0173 7158 1 -2 3 4 5 6 7 8 9 10 -11 -12 13 14 15 -16 -17 18 19 20 0
wuf20-0174 6558 1 -2 3 4 5 6 7 8 -9 10 -11 12 -13 14 -15 -16 17 18 19 20 0
wuf20-0175 6529 1 2 3 -4 -5 6 -7 8 9 10 11 12 13 14 -15 16 -17 18 19 20 0
wuf20-0176 4940 1 -2 -3 4 5 6 -7 -8 9 -10 -11 12 13 14 15 16 -17 18 19 20 0
wuf20-0177 6963 -1 2 3 4 5 6 7 8 9 10 11 12 -13 14 15 16 17 -18 -19 20 0
wuf20-0178 5355 1 -2 3 4 5 -6 7 8 9 10 11 12 -13 14 -15 -16 17 -18 19 20 0
wuf20-0179 8429 1 2 3 4 5 6 7 8 9 10 -11 12 13 -14 15 16 17 18 19 20 0
wuf20-018 6538 1 2 3 -4 5 -6 -7 8 9 10 -11 12 13 14 15 16 17 18 19 20 0
wuf20-0180 6797 1 2 3 4 -5 6 7 8 -9 10 11 12 13 -14 15 16 17 -18 -19 20 0
wuf20-0181 6702 1 2 3 4 5 6 -7 -8 9 10 -11 12 13 14 15 16 -17 -18 19 20 0
wuf20-0182 6392 -1 2 3 4 5 6 -7 -8 9 10 11 12 13 14 15 16 -17 18 19 20 0
wuf20-0183 5207 1 2 3 -4 5 6 7 8 -9 10 -11 12 -13 14 15 -16 -17 18 -19 -20 0
wuf20-0184 6451 -1 2 3 -4 5 6 7 -8 9 10 11 12 -13 14 15 16 17 -18 19 -20 0
wuf20-0185 6543 1 2 -3 4 5 6 7 8 9 -10 11 -12 -13 14 15 16 17 -18 19 20 0
wuf20-0186 6675 -1 2 3 -4 5 6 7 8 9 -10 11 12 -13 14 15 16 17 18 19 20 0
wuf20-0187 5015 -1 2 3 -4 -5 6 7 8 9 -10 11 12 -13 14 15 16 17 -18 19 20 0
wuf20-0188 5547 1 2 3 4 5 -6 -7 8 9 -10 11 12 13 14 15 -16 17 -18 -19 -20 0
wuf20-0189 6014 1 -2 3 4 -5 -6 7 -8 9 10 11 -12 13 -14 15 16 17 18 19 -20 0
wuf20-019 5609 -1 -2 3 4 5 -6 7 8 9 10 11 12 13 14 -15 -16 17 -18 19 -20 0
wuf20-0190 7907 1 2 3 4 5 6 7 8 -9 10 11 12 13 14 15 16 17 18 19 -20 0
wuf20-0191 7249 1 2 3 4 -5 6 -7 8 9 10 11 -12 13 14 15 16 17 18 19 20 0
wuf20-0192 5389 -1 2 -3 4 5 -6 7 8 9 10 -11 12 13 14 -15 16 17 18 -19 20 0
wuf20-0193 5675 1 2 3 4 -5 -6 7 8 -9 -10 11 12 -13 14 15 16 17 18 -19 20 0
wuf20-0194 7105 1 2 -3 4 5 6 7 -8 9 -10 -11 -12 13 14 15 16 17 18 19 20 0
wuf20-0195 7280 1 2 3 4 5 -6 7 8 9 10 -11 12 13 -14 15 16 17 18 19 20 0
wuf20-0196 6404 1 2 3 4 5 -6 7 -8 -9 10 11 12 13 14 15 16 -17 -18 19 20 0
wuf20-0197 5212 1 2 3 -4 -5 -6 7 8 -9 10 -11 12 13 14 15 -16 -17 18 19 20 0
wuf20-0198 6246 1 -2 3 4 5 -6 7 8 -9 10 11 12 13 -14 -15 16 17 18 19 -20 0
wuf20-0199 8621 1 2 3 -4 5 6 7 8 9 10 11 12 13 14 15 16 17 -18 19 20 0
wuf20-02 4747 1 2 3 -4 5 6 -7 8 -9 -10 -11 12 -13 14 15 16 -17 18 19 -20 0
wuf20-020 6144 1 2 3 4 5 6 7 8 -9 -10 11 -12 13 -14 15 16 17 18 -19 20 0
wuf20-0200 3235 1 2 3 -4 5 6 -7 8 -9 -10 -11 12 13 14 -15 -16 -17 -18 19 20 0
wuf20-0201 5876 1 2 3 4 5 6 7 -8 -9 10 -11 12 13 14 15 16 17 -18 -19 20 0
wuf20-0202 7052 1 2 3 4 5 6 -7 -8 9 10 11 12 13 14 -15 16 17 18 19 20 0
wuf20-0203 5589 1 -2 -3 -4 5 6 -7 8 9 10 11 12 13 14 15 -16 -17 18 19 20 0
wuf20-0204 5102 -1 2 3 4 5 6 7 -8 9 10 -11 12 13 -14 15 16 -17 -18 19 -20 0
wuf20-0205 4889 -1 2 3 4 -5 6 -7 -8 9 -10 11 12 13 14 15 16 17 18 -19 -20 0
wuf20-0206 8358 1 2 3 4 5 6 7 8 -9 10 11 12 13 14 15 -16 17 18 19 20 0
wuf20-0207 6560 1 2 3 4 5 -6 7 8 9 -10 11 12 13 14 15 -16 -17 -18 19 20 0
wuf20-0208 7042 1 2 -3 4 5 6 -7 8 9 10 11 12 13 -14 -15 16 17 18 19 20 0
wuf20-0209 8227 1 2 3 4 -5 6 7 8 9 10 11 12 -13 14 15 16 17 -18 19 20 0
wuf20-021 6451 1 2 3 -4 -5 6 7 8 9 -10 11 12 13 14 15 16 -17 18 19 -20 0
wuf20-0210 4136 1 -2 -3 4 5 6 7 8 9 10 11 12 13 14 15 -16 -17 -18 19 -20 0
wuf20-0211 6673 1 2 3 4 5 6 7 8 -9 -10 11 12 13 -14 -15 16 17 18 19 20 0
wuf20-0212 7013 1 2 3 4 -5 6 7 8 -9 10 11 12 13 14 15 16 17 18 -19 -20 0
wuf20-0213 5583 1 2 3 -4 5 6 -7 8 9 -10 11 12 13 -14 15 16 17 18 -19 -20 0
wuf20-0214 7156 1 2 3 -4 5 6 7 8 9 10 11 -12 -13 14 15 -16 17 -18 19 20 0
wuf20-0215 7290 1 2 3 4 5 -6 7 -8 -9 10 11 12 13 14 15 16 17 18 19 20 0
wuf20-0216 4882 1 -2 -3 4 -5 6 -7 8 -9 10 -11 12 -13 14 15 -16 17 18 19 20 0
wuf20-0217 7423 1 -2 -3 4 5 6 7 8 9 -10 11 12 13 14 15 16 17 18 19 20 0
wuf20-0218 5168 1 2 -3 -4 5 -6 7 8 9 10 -11 12 13 14 -15 -16 17 18 19 -20 0
wuf20-0219 6227 1 2 3 4 5 6 -7 -8 9 10 11 -12 -13 14 15 16 17 18 -19 20 0
wuf20-022 6289 -1 2 -3 4 -5 -6 7 8 9 10 11 12 13 14 -15 16 17 18 19 20 0
wuf20-0220 4772 1 -2 3 4 5 6 7 -8 -9 10 -11 -12 13 14 15 -16 17 -18 19 20 0
wuf20-0221 7849 -1 2 3 4 5 -6 7 8 9 -10 11 12 13 14 15 16 17 18 19 20 0
wuf20-0222 8786 1 2 3 4 5 6 7 8 -9 10 11 12 13 14 15 16 17 -18 19 20 0
wuf20-0223 8047 -1 2 3 4 5 6 7 8 9 -10 -11 12 13 14 15 16 17 18 19 20 0
wuf20-0224 5727 1 2 -3 -4 5 6 7 8 9 -10 11 12 13 -14 -15 -16 17 18 19 20 0
wuf20-0225 5366 1 -2 3 4 -5 6 -7 8 9 -10 11 -12 -13 14 15 16 17 18 19 20 0
wuf20-0226 6042 1 2 3 4 5 6 -7 8 9 10 -11 12 13 14 -15 16 17 -18 19 -20 0
wuf20-0227 7986 1 2 3 4 5 6 7 8 9 -10 -11 12 13 14 15 16 17 18 19 20 0
wuf20-0228 6480 1 2 3 4 5 6 -7 8 9 -10 11 12 13 -14 15 -16 17 18 19 -20 0
wuf20-0229 7855 1 2 3 4 5 6 7 8 9 10 -11 12 13 14 15 -16 -17 18 19 20 0
wuf20-023 5746 1 2 3 4 -5 6 7 8 9 10 -11 12 13 14 -15 16 -17 18 -19 -20 0
wuf20-0230 5298 1 2 -3 4 5 6 7 8 9 10 -11 -12 13 14 15 16 -17 -18 -19 20 0
wuf20-0231 4471 -1 -2 3 4 5 6 7 -8 9 -10 11 12 13 14 15 16 17 -18 -19 20 0
wuf20-0232 6589 1 2 -3 -4 5 6 7 8 9 10 -11 12 13 -14 15 -16 17 18 19 20 0
wuf20-0233 6697 1 -2 3 4 5 -6 7 8 9 -10 11 -12 13 14 15 16 17 18 19 -20 0
wuf20-0234 6029 1 -2 3 4 5 6 -7 -8 9 10 11 12 -13 14 15 16 17 18 -19 20 0
wuf20-0235 7693 1 2 3 4 5 -6 7 8 9 10 11 12 13 14 15 -16 -17 18 19 20 0
wuf20-0236 8351 1 2 3 4 -5 6 7 8 9 -10 11 12 13 14 -15 16 17 18 19 20 0
wuf20-0237 5677 1 -2 3 4 5 6 -7 8 -9 -10 11 12 13 14 15 -16 -17 18 -19 20 0
wuf20-0238 7534 1 2 3 4 -5 6 -7 8 9 10 11 12 13 -14 15 16 17 18 19 20 0
wuf20-0239 6901 1 2 3 4 5 6 7 8 -9 10 11 12 -13 14 15 16 17 18 -19 20 0
wuf20-024 4886 1 -2 3 -4 5 -6 -7 -8 9 10 11 -12 -13 14 15 -16 17 18 19 20 0
wuf20-0240 6010 1 2 3 4 5 6 -7 8 -9 10 11 -12 -13 14 -15 16 17 18 19 20 0
wuf20-0241 6120 -1 -2 3 4 5 6 -7 8 9 10 11 12 -13 14 15 16 17 18 19 20 0
wuf20-0242 6512 -1 2 3 4 -5 6 7 8 -9 10 -11 12 13 14 15 16 17 18 19 -20 0
wuf20-0243 5992 1 2 -3 -4 -5 6 -7 8 9 10 11 -12 13 14 15 16 17 -18 19 20 0
wuf20-0244 6261 -1 2 3 4 5 6 7 8 9 10 11 12 -13 14 -15 16 17 18 -19 -20 0
wuf20-0245 4183 1 2 3 -4 5 6 7 8 -9 -10 11 -12 13 14 -15 -16 -17 -18 19 -20 0
wuf20-0246 6400 -1 2 3 4 -5 6 7 8 9 10 -11 12 13 -14 -15 16 17 18 19 20 0
wuf20-0247 7910 1 2 -3 4 -5 6 7 8 9 10 11 12 13 14 15 16 17 -18 19 20 0
wuf20-0248 6897 1 2 -3 -4 -5 6 7 8 9 -10 11 12 13 14 15 16 17 18 19 20 0
wuf20-0249 6524 -1 -2 -3 4 -5 6 7 8 9 -10 11 12 13 14 15 16 17 18 19 20 0
wuf20-025 6830 1 2 3 4 5 6 7 -8 9 10 11 12 -13 14 15 -16 17 18 -19 20 0
wuf20-0250 8373 1 2 3 4 -5 6 7 8 9 10 11 12 13 14 15 16 17 18 -19 20 0
wuf20-0251 7247 1 -2 -3 4 5 6 7 8 9 10 11 12 13 -14 15 16 17 18 19 -20 0
wuf20-0252 6290 1 2 3 -4 5 6 7 8 9 10 11 12 13 -14 -15 16 -17 18 -19 20 0
wuf20-0253 7177 1 2 -3 4 5 6 -7 8 9 -10 11 12 13 14 15 -16 17 18 19 20 0
wuf20-0254 6239 1 -2 3 4 5 6 7 8 9 -10 11 12 -13 14 15 -16 -17 18 19 20 0
wuf20-0255 6484 1 -2 3 4 5 6 -7 8 -9 -10 -11 12 13 14 15 16 17 18 19 -20 0
wuf20-0256 7088 1 -2 3 4 5 6 -7 8 9 10 11 12 13 14 -15 16 17 18 19 20 0
wuf20-0257 7144 1 -2 -3 4 5 6 7 8 9 10 11 12 13 14 15 -16 17 18 -19 20 0
wuf20-0258 6778 1 -2 3 4 5 -6 7 8 9 10 11 12 13 14 -15 16 17 -18 19 20 0
wuf20-0259 6990 1 2 3 -4 5 6 7 8 9 10 11 12 13 -14 15 -16 -17 18 -19 20 0
wuf20-026 6140 1 2 3 4 5 6 7 -8 9 10 -11 -12 13 14 -15 16 17 18 -19 -20 0
wuf20-0260 5891 1 2 3 4 5 -6 7 8 9 10 11 12 13 14 15 -16 -17 -18 -19 -20 0
wuf20-0261 6663 -1 2 -3 4 5 6 7 8 9 10 -11 12 13 14 15 16 17 18 -19 20 0
wuf20-0262 6255 1 2 3 4 5 6 -7 -8 -9 10 11 12 13 -14 15 16 17 -18 -19 20 0
wuf20-0263 6913 -1 2 3 -4 5 6 -7 8 9 10 11 12 -13 14 15 16 17 18 19 20 0
wuf20-0264 5786 -1 -2 3 4 5 6 7 8 9 -10 -11 -12 13 14 -15 16 -17 18 19 20 0
wuf20-0265 8388 -1 2 3 4 5 6 7 8 9 -10 11 12 13 14 15 16 17 18 19 20 0
wuf20-0266 6871 1 2 3 4 5 6 7 8 9 -10 11 12 13 -14 15 -16 17 -18 19 20 0
wuf20-0267 6585 1 2 3 -4 5 -6 7 -8 9 -10 11 12 13 14 -15 16 17 18 19 20 0
wuf20-0268 8014 1 2 3 4 5 6 7 8 9 -10 11 12 -13 14 15 16 17 -18 19 20 0
wuf20-0269 5601 1 -2 3 4 5 6 7 8 9 10 -11 12 -13 -14 -15 16 17 18 -19 20 0
wuf20-027 7237 -1 2 3 -4 5 6 7 -8 9 10 11 12 13 -14 15 16 17 18 19 20 0
wuf20-0270 7661 -1 -2 3 4 5 6 7 8 9 -10 11 -12 13 14 15 16 17 18 19 20 0
wuf20-0271 5870 -1 -2 3 4 -5 -6 7 8 9 10 11 12 13 14 15 -16 17 18 19 20 0
wuf20-0272 5480 1 2 -3 -4 -5 -6 7 8 9 10 -11 12 -13 14 15 16 17 18 -19 20 0
wuf20-0273 6414 1 2 3 -4 5 6 7 8 9 -10 11 12 13 -14 15 -16 17 -18 19 20 0
wuf20-0274 7164 1 -2 3 -4 5 6 7 8 9 -10 11 12 13 14 15 -16 17 18 19 20 0
wuf20-0275 4882 1 -2 3 -4 5 6 -7 8 -9 10 11 12 13 14 15 16 17 18 -19 -20 0
wuf20-0276 6998 -1 -2 3 4 5 6 7 8 9 10 11 12 13 -14 15 -16 17 18 19 20 0
wuf20-0277 6052 1 2 3 4 -5 6 7 -8 -9 10 11 12 -13 -14 15 -16 17 18 19 20 0
wuf20-0278 4867 -1 -2 3 -4 -5 6 -7 8 9 10 11 12 13 -14 15 16 17 18 19 -20 0
wuf20-0279 7425 1 2 3 4 -5 6 7 -8 9 10 11 -12 13 14 15 -16 17 18 19 20 0
wuf20-028 5256 1 2 -3 4 5 6 -7 8 9 10 -11 12 13 -14 -15 -16 17 -18 19 20 0
wuf20-0280 6995 1 2 3 -4 5 6 7 8 -9 10 -11 12 13 -14 15 16 17 18 19 20 0
wuf20-0281 7099 1 2 3 4 -5 6 7 8 9 10 11 -12 13 14 15 16 17 18 19 -20 0
wuf20-0282 5135 -1 2 3 4 5 6 -7 8 9 -10 -11 12 13 -14 15 -16 17 18 -19 -20 0
wuf20-0283 7832 1 2 3 4 5 6 7 -8 9 10 11 12 13 14 15 16 17 18 -19 20 0
wuf20-0284 6397 1 2 -3 4 5 6 7 8 -9 -10 11 12 13 14 15 -16 17 18 19 -20 0
wuf20-0285 5790 1 -2 3 4 5 -6 7 8 9 10 11 12 -13 14 15 16 -17 -18 19 -20 0
wuf20-0286 6028 -1 -2 3 4 5 6 7 8 9 -10 11 12 -13 14 15 -16 17 -18 19 20 0
wuf20-0287 6089 -1 2 3 -4 5 6 7 8 -9 10 11 12 -13 14 -15 16 -17 18 19 20 0
wuf20-0288 6196 1 2 -3 4 -5 6 -7 8 9 -10 11 12 13 -14 15 16 17 18 19 20 0
wuf20-0289 6005 1 2 -3 4 5 -6 -7 8 -9 10 -11 12 13 14 15 16 17 18 19 20 0
wuf20-029 5613 1 2 3 4 5 -6 -7 -8 9 10 11 12 13 -14 15 16 -17 -18 19 20 0
wuf20-0290 5824 1 2 -3 4 -5 6 -7 8 9 10 11 12 -13 -14 15 16 -17 18 19 20 0
wuf20-0291 9295 1 2 3 4 5 6 7 8 9 10 11 12 -13 14 15 16 17 18 19 20 0
wuf20-0292 6992 -1 2 -3 -4 5 6 7 8 9 -10 11 12 13 14 15 16 17 18 19 20 0
wuf20-0293 7442 -1 2 -3 4 5 6 7 8 9 10 11 12 13 14 15 16 17 -18 19 20 0
wuf20-0294 7644 1 2 3 4 5 6 7 8 9 10 -11 12 -13 14 15 16 17 -18 -19 20 0
wuf20-0295 5699 1 2 3 -4 5 -6 7 -8 -9 10 11 12 13 14 15 -16 17 -18 19 -20 0
wuf20-0296 6096 -1 2 3 4 -5 6 7 -8 -9 10 11 12 13 -14 15 16 17 18 19 20 0
wuf20-0297 5327 1 2 3 4 5 -6 7 8 9 -10 11 12 -13 -14 15 -16 17 18 -19 -20 0
wuf20-0298 7361 1 2 -3 4 5 6 7 8 9 10 -11 -12 -13 14 15 16 17 18 19 20 0
wuf20-0299 4862 1 -2 3 4 -5 6 -7 -8 -9 10 -11 12 13 14 15 16 -17 18 -19 20 0
wuf20-03 3118 1 2 3 4 5 6 -7 8 9 10 11 -12 13 14 15 -16 17 -18 19 20 0
wuf20-030 3493 1 2 3 4 -5 6 7 8 9 -10 11 -12 13 14 15 16 17 18 -19 20 0
wuf20-0300 6709 1 2 3 4 5 6 7 8 9 10 -11 12 13 14 15 -16 17 -18 19 -20 0
wuf20-0301 7295 1 2 -3 -4 5 6 7 -8 9 10 11 12 -13 14 15 16 17 18 19 20 0
wuf20-0302 7400 1 2 3 4 5 -6 7 8 9 10 11 12 -13 14 -15 16 17 18 19 -20 0
wuf20-0303 5780 1 -2 -3 4 5 -6 -7 -8 9 10 11 12 13 -14 15 -16 17 18 19 20 0
wuf20-0304 5946 1 -2 -3 4 -5 6 7 8 9 10 -11 12 13 14 15 16 17 18 -19 -20 0
wuf20-0305 3420 1 2 3 -4 -5 6 7 8 9 10 11 -12 13 14 15 -16 17 18 19 20 0
wuf20-0306 2134 -1 2 3 4 -5 -6 7 8 9 10 11 -12 -13 -14 -15 16 17 18 19 -20 0
wuf20-0307 3442 1 2 3 -4 5 -6 7 -8 9 10 11 12 13 14 15 16 -17 18 -19 20 0
wuf20-0308 3265 1 2 3 4 5 6 -7 -8 9 10 11 12 13 -14 15 16 -17 18 -19 20 0
wuf20-0309 2725 1 2 3 -4 5 6 7 8 9 -10 11 12 13 -14 15 16 17 -18 -19 -20 0
wuf20-031 2390 -1 -2 3 -4 5 6 7 8 9 10 11 -12 -13 14 15 16 17 18 -19 -20 0
wuf20-0310 3231 1 2 3 4 5 6 7 -8 9 -10 11 12 13 14 15 16 17 -18 -19 -20 0
wuf20-0311 3524 1 2 3 4 5 6 7 -8 9 -10 11 12 13 14 15 -16 17 -18 19 20 0
wuf20-0312 2502 1 2 3 -4 5 6 -7 8 9 10 11 -12 13 -14 -15 -16 -17 -18 19 20 0
wuf20-0313 2502 1 2 3 -4 5 -6 7 -8 -9 -10 11 -12 13 14 15 16 17 18 19 -20 0
wuf20-0314 3700 1 2 3 4 5 6 -7 8 9 10 11 -12 13 14 15 16 17 18 -19 20 0
wuf20-0315 3709 1 2 3 4 5 6 7 8 -9 -10 11 12 13 14 15 16 17 18 -19 20 0
wuf20-0316 2498 1 2 3 -4 -5 -6 -7 8 9 10 11 12 13 14 -15 16 17 -18 -19 20 0
wuf20-0317 2640 1 -2 3 -4 5 -6 7 -8 9 10 11 -12 13 14 15 -16 17 18 19 -20 0
wuf20-0318 3829 1 2 3 4 5 6 -7 8 9 10 11 12 13 14 -15 16 17 -18 19 20 0
wuf20-0319 4034 1 2 3 4 5 6 7 8 -9 10 -11 12 13 14 15 16 17 18 19 20 0
wuf20-032 3411 1 2 3 4 5 6 -7 -8 9 -10 11 12 13 14 -15 16 17 18 19 20 0
wuf20-0320 3568 1 2 -3 4 5 6 7 -8 9 10 11 -12 -13 14 15 16 17 18 19 20 0
wuf20-0321 2984 1 2 3 4 5 6 -7 -8 9 10 11 12 13 -14 15 16 -17 18 19 -20 0
wuf20-0322 3439 1 -2 3 -4 5 6 7 8 9 10 11 12 13 -14 -15 16 17 18 19 -20 0
wuf20-0323 2002 -1 -2 -3 4 5 6 -7 -8 9 10 11 12 -13 14 -15 16 17 18 -19 20 0
wuf20-0324 3199 1 2 3 4 5 -6 7 8 9 10 11 -12 13 -14 15 16 -17 18 19 -20 0
wuf20-0325 4098 1 2 -3 4 5 6 7 8 9 -10 11 12 13 14 15 16 17 18 19 20 0
wuf20-0326 2731 -1 2 3 4 5 -6 7 8 9 -10 -11 12 -13 14 -15 -16 17 18 19 20 0
wuf20-0327 3070 1 2 3 4 5 6 7 8 9 10 -11 -12 13 14 15 16 -17 18 19 20 0
wuf20-0328 2915 -1 2 3 4 5 6 -7 -8 -9 -10 11 12 13 14 15 16 17 -18 19 20 0
wuf20-0329 2544 -1 2 3 4 5 6 7 -8 9 -10 11 12 -13 14 15 16 -17 -18 19 -20 0
wuf20-0330 1970 1 2 -3 4 -5 -6 7 -8 9 10 11 12 13 14 -15 16 -17 -18 -19 20 0
wuf20-0331 2938 1 2 -3 4 5 6 7 8 9 10 11 -12 13 -14 15 -16 17 -18 19 -20 0
wuf20-0332 2447 1 -2 -3 -4 5 6 -7 -8 9 10 11 12 -13 14 15 16 -17 18 -19 20 0
wuf20-0333 3508 1 -2 3 4 5 6 7 -8 9 10 11 12 -13 14 15 16 17 18 -19 20 0
wuf20-0334 2277 -1 -2 -3 4 5 6 7 -8 9 -10 11 12 -13 14 -15 16 17 18 19 20 0
wuf20-0335 3038 -1 2 3 4 5 6 7 8 9 10 -11 -12 13 -14 15 16 17 -18 19 20 0
wuf20-0336 1818 1 -2 3 -4 -5 -6 7 -8 -9 10 -11 -12 13 -14 15 16 17 -18 19 20 0
wuf20-0337 3091 1 2 3 -4 5 6 7 8 9 -10 -11 12 13 14 15 16 17 -18 19 20 0
wuf20-0338 2545 1 2 3 4 5 -6 7 -8 9 10 11 12 -13 -14 -15 16 17 18 -19 -20 0
wuf20-0339 3995 -1 2 3 4 5 6 7 8 9 -10 11 12 13 14 15 16 17 18 19 20 0
wuf20-034 3764 1 2 3 4 5 -6 7 8 9 10 11 12 13 -14 15 16 17 18 19 -20 0
wuf20-0342 3145 1 2 -3 4 5 -6 -7 8 9 10 11 12 -13 14 -15 16 17 18 19 20 0
wuf20-0343 2593 -1 -2 -3 4 5 6 -7 8 9 -10 -11 12 13 14 15 -16 17 18 19 20 0
wuf20-0344 2969 1 2 -3 4 5 6 7 -8 9 10 11 -12 13 -14 15 -16 17 18 19 -20 0
wuf20-0345 3584 1 2 3 4 -5 -6 7 8 9 10 11 -12 13 14 -15 16 17 18 19 20 0
wuf20-0346 2593 1 2 -3 4 5 6 -7 -8 9 -10 -11 12 13 -14 15 16 17 18 -19 20 0
wuf20-0347 3682 1 2 3 4 -5 6 7 8 9 10 11 12 13 14 15 16 -17 18 -19 20 0
wuf20-0348 3997 1 2 3 4 5 6 7 8 9 10 -11 12 13 -14 15 16 17 18 19 20 0
wuf20-0349 2352 1 -2 -3 4 -5 6 -7 -8 9 10 11 12 13 -14 15 -16 -17 18 19 20 0
wuf20-035 3726 1 2 3 -4 5 6 -7 8 9 10 11 12 -13 14 -15 16 17 18 19 20 0
wuf20-0350 1878 1 -2 -3 4 -5 -6 -7 8 9 -10 -11 -12 13 14 15 -16 17 18 19 20 0
wuf20-0351 3682 1 2 3 4 5 6 7 8 9 -10 -11 12 13 14 15 16 -17 18 19 20 0
wuf20-0352 3229 1 2 3 4 5 6 -7 8 9 -10 -11 -12 13 14 15 16 17 18 19 20 0
wuf20-0353 4119 1 2 3 4 5 -6 7 8 9 10 11 12 -13 14 15 16 17 18 19 20 0
wuf20-0354 2928 -1 2 3 -4 -5 6 7 8 9 -10 11 12 -13 14 -15 16 17 18 19 20 0
wuf20-0355 4057 1 2 3 4 5 6 7 8 9 10 11 12 13 -14 15 16 17 -18 19 20 0
wuf20-0356 3983 1 2 3 4 5 6 7 8 9 10 -11 -12 13 14 15 16 17 18 -19 20 0
wuf20-0357 2990 1 2 3 4 5 -6 -7 -8 -9 10 11 12 13 14 15 -16 17 -18 19 20 0
wuf20-0358 3481 1 2 3 4 5 6 -7 -8 9 10 11 -12 13 14 -15 16 17 18 19 20 0
wuf20-0359 2405 -1 2 -3 4 5 -6 7 8 9 10 -11 12 13 -14 -15 16 -17 18 19 20 0
wuf20-036 3403 -1 2 3 4 5 6 -7 8 9 10 11 -12 13 14 15 16 17 18 19 -20 0
wuf20-0360 3197 1 2 3 4 -5 6 7 -8 9 10 11 12 -13 14 15 16 -17 -18 19 20 0
wuf20-0361 3362 1 2 3 4 5 6 7 8 9 -10 11 12 13 14 15 -16 -17 18 19 20 0
wuf20-0362 2559 1 2 3 -4 5 6 7 -8 9 10 -11 12 13 14 -15 -16 17 -18 19 20 0
wuf20-0363 3670 1 2 -3 4 5 -6 7 8 9 10 11 12 13 14 15 16 17 -18 19 20 0
wuf20-0364 3115 1 2 3 4 5 6 7 8 9 10 -11 -12 13 -14 15 16 17 -18 19 -20 0
wuf20-0365 2697 -1 2 -3 -4 5 6 7 8 -9 10 11 12 13 14 15 -16 -17 18 19 20 0
wuf20-0366 3177 1 2 3 4 -5 6 7 8 9 10 -11 -12 -13 14 15 16 17 18 19 -20 0
wuf20-0367 2511 1 -2 3 4 -5 -6 7 8 9 -10 11 12 -13 14 15 16 17 18 -19 -20 0
wuf20-0368 3626 -1 -2 3 -4 5 6 7 8 9 10 11 12 13 14 15 16 17 18 19 20 0
wuf20-0369 3138 -1 2 3 4 -5 -6 7 8 9 10 -11 12 13 14 15 16 17 18 -19 20 0
wuf20-037 3183 -1 2 -3 4 5 6 7 8 9 -10 11 12 13 14 -15 -16 17 18 19 20 0
wuf20-0370 2177 1 -2 3 4 -5 6 7 -8 9 10 -11 12 -13 14 15 16 17 18 -19 -20 0
wuf20-0371 3384 -1 2 3 4 5 6 7 -8 9 10 -11 12 13 14 15 16 -17 -18 19 20 0
wuf20-0372 2907 1 -2 -3 4 5 6 7 -8 9 -10 11 12 13 14 15 -16 17 18 19 20 0
wuf20-0373 2344 1 2 3 4 -5 -6 7 8 9 10 -11 12 13 14 -15 -16 -17 -18 19 20 0
wuf20-0374 2320 -1 -2 3 -4 5 6 7 8 -9 10 11 -12 -13 -14 -15 16 -17 18 19 20 0
wuf20-0375 2303 1 2 3 4 5 -6 7 -8 9 -10 11 12 13 -14 15 16 -17 18 -19 -20 0
wuf20-0376 3208 1 2 -3 -4 5 6 7 8 9 10 11 12 13 -14 15 16 17 -18 19 -20 0
wuf20-0377 4077 1 2 3 4 5 6 7 -8 9 10 11 12 13 14 15 16 17 18 -19 20 0
wuf20-0378 3437 1 2 3 4 5 6 7 -8 -9 10 11 12 -13 14 -15 -16 17 18 19 20 0
wuf20-0379 3444 1 2 3 4 -5 6 7 8 9 10 -11 12 13 14 -15 16 17 -18 19 20 0
wuf20-038 2684 1 2 3 4 5 -6 7 8 -9 10 -11 12 -13 14 -15 -16 17 18 19 -20 0
wuf20-0380 2937 1 2 3 4 5 6 -7 8 9 10 11 12 13 -14 15 16 -17 18 -19 -20 0
wuf20-0381 3542 1 2 -3 4 5 -6 7 8 9 10 11 12 13 14 15 16 17 -18 19 20 0
wuf20-0382 2542 -1 2 -3 4 5 6 7 -8 9 -10 -11 12 -13 14 15 16 17 18 19 20 0
wuf20-0383 2550 -1 -2 3 4 5 6 7 -8 9 -10 11 -12 13 14 15 -16 17 18 -19 20 0
wuf20-0384 3051 1 2 -3 4 5 6 7 8 9 -10 11 -12 13 14 -15 16 17 -18 19 -20 0
wuf20-0385 3132 1 -2 3 4 5 6 7 8 9 10 -11 -12 13 -14 -15 16 17 18 19 20 0
wuf20-0386 3847 1 -2 3 4 5 -6 7 8 9 10 11 12 13 14 15 16 17 -18 19 20 0
wuf20-0387 2676 -1 2 -3 4 5 6 -7 8 9 -10 11 -12 13 14 15 16 17 18 -19 20 0
wuf20-0388 3148 1 -2 3 4 5 6 -7 8 9 10 -11 12 13 14 15 -16 -17 18 19 20 0
wuf20-0389 2661 1 -2 3 4 5 6 -7 -8 -9 -10 11 12 -13 14 15 16 17 18 -19 20 0
wuf20-039 2988 -1 2 -3 -4 5 6 7 8 9 -10 -11 12 13 14 15 16 17 18 -19 20 0
wuf20-0390 3530 1 2 3 4 5 6 7 8 9 10 -11 -12 13 14 -15 16 17 18 -19 20 0
wuf20-0391 3213 1 -2 3 4 5 -6 7 -8 9 10 11 12 13 -14 -15 16 17 18 19 20 0
wuf20-0392 3018 1 2 -3 4 5 6 7 -8 9 10 11 -12 13 14 -15 -16 17 18 19 20 0
wuf20-0393 3488 1 2 3 4 5 6 7 8 9 10 11 12 13 14 15 16 -17 18 -19 -20 0
wuf20-0394 2705 1 -2 -3 4 -5 6 7 8 9 -10 11 12 13 14 15 -16 -17 18 -19 20 0
wuf20-0395 4023 1 2 3 4 5 -6 7 8 9 10 -11 12 13 14 15 16 17 18 19 20 0
wuf20-0396 2595 1 2 3 4 5 6 7 -8 9 10 11 12 -13 14 -15 16 -17 -18 19 20 0
wuf20-0397 2734 1 -2 3 -4 5 6 -7 8 9 10 11 12 -13 -14 15 -16 17 18 19 20 0
wuf20-0398 3668 1 2 3 4 -5 6 7 8 9 10 11 12 13 -14 15 -16 17 18 19 20 0
wuf20-0399 2669 1 2 -3 -4 -5 6 7 8 -9 -10 11 12 -13 14 15 16 -17 18 19 20 0
wuf20-04 3089 -1 -2 3 4 5 -6 7 8 -9 10 11 -12 13 14 -15 16 17 18 19 20 0
wuf20-040 2616 1 2 3 4 5 6 -7 -8 9 10 -11 12 -13 -14 -15 16 17 -18 19 20 0
wuf20-0400 3194 -1 2 3 4 5 6 7 -8 9 10 -11 12 13 14 15 16 17 18 -19 20 0
wuf20-0401 3910 1 2 -3 4 5 -6 7 8 9 10 11 12 13 14 15 16 17 18 19 20 0
wuf20-0402 2407 1 -2 3 -4 5 -6 7 8 9 -10 -11 12 13 14 -15 16 -17 -18 19 20 0
wuf20-0403 3681 1 2 3 4 5 -6 7 -8 9 10 11 12 13 14 15 16 17 -18 19 20 0
wuf20-0404 2813 1 -2 -3 -4 5 6 7 8 -9 10 11 12 13 14 -15 -16 17 18 19 20 0
wuf20-0405 2497 1 2 3 4 5 6 7 -8 9 10 -11 -12 13 14 15 16 17 18 19 -20 0
wuf20-0406 2883 1 2 3 -4 5 6 7 -8 9 10 -11 12 -13 14 -15 -16 17 18 19 20 0
wuf20-0407 3578 1 -2 3 4 5 6 7 8 9 10 11 12 13 -14 15 -16 17 18 19 20 0
wuf20-0408 4028 1 2 3 4 5 6 7 8 9 -10 11 -12 13 14 15 16 17 18 19 20 0
wuf20-0409 2508 1 2 3 -4 5 6 7 8 -9 -10 11 -12 -13 14 -15 -16 17 18 19 20 0
wuf20-041 3764 -1 2 -3 -4 5 6 7 8 9 10 11 12 13 14 15 16 17 18 19 20 0
wuf20-0410 3442 1 2 3 4 5 6 7 -8 9 -10 -11 12 13 14 15 16 17 -18 19 20 0
wuf20-0411 3722 1 2 3 -4 5 6 7 8 9 10 11 12 -13 -14 15 16 17 -18 19 20 0
wuf20-0412 3101 -1 2 3 4 5 -6 7 8 9 10 11 12 -13 14 15 -16 17 18 19 -20 0
wuf20-0413 4312 1 2 3 4 5 6 7 8 9 10 11 -12 13 -14 15 16 17 18 19 20 0
wuf20-0414 3909 1 2 -3 4 5 6 7 -8 9 10 11 12 13 14 15 16 -17 18 19 20 0
wuf20-0415 2151 -1 -2 3 4 5 -6 7 -8 9 10 11 12 -13 -14 15 16 -17 -18 19 20 0
wuf20-0416 3893 1 -2 3 4 5 6 7 8 9 10 -11 12 13 14 -15 16 17 18 19 20 0
wuf20-0417 3502 1 2 3 4 -5 6 7 8 9 10 -11 -12 13 14 15 16 17 18 19 20 0
wuf20-0418 3729 -1 2 3 4 5 6 7 8 9 10 -11 12 13 14 15 -16 17 18 19 20 0
wuf20-0419 2476 1 -2 3 4 -5 6 -7 8 9 10 11 -12 13 14 -15 16 -17 18 -19 20 0
wuf20-042 2986 1 2 3 4 5 6 7 8 -9 10 -11 12 13 -14 -15 16 17 -18 19 20 0
wuf20-0420 3285 1 2 -3 4 5 6 -7 8 9 10 11 -12 13 14 15 16 17 18 -19 20 0
wuf20-0421 1991 -1 2 -3 -4 5 6 -7 8 9 10 11 12 -13 -14 -15 16 17 -18 19 20 0
wuf20-0422 4098 1 2 3 4 5 6 7 8 9 10 -11 12 13 -14 15 16 17 -18 19 20 0
wuf20-0423 2420 -1 2 -3 -4 5 6 7 8 9 10 11 12 13 14 15 -16 17 -18 -19 -20 0
wuf20-0424 3067 1 2 3 4 5 6 7 8 -9 -10 11 -12 13 14 -15 16 17 18 -19 -20 0
wuf20-0425 3112 1 2 3 4 -5 6 -7 8 -9 10 11 12 13 14 15 16 17 -18 19 20 0
wuf20-0426 3197 1 -2 3 4 5 -6 7 -8 9 -10 11 12 13 -14 15 16 17 18 19 20 0
wuf20-0427 3049 1 2 3 4 5 -6 7 8 9 10 11 12 -13 14 15 16 17 -18 19 -20 0
wuf20-0428 2395 1 2 3 -4 5 -6 -7 8 9 10 11 -12 -13 -14 15 16 -17 18 19 20 0
wuf20-0429 3894 1 2 3 4 -5 -6 7 8 9 10 11 12 13 14 15 16 -17 18 19 20 0
wuf20-043 2536 -1 2 3 -4 5 6 7 8 9 10 11 12 13 -14 -15 -16 17 -18 19 -20 0
wuf20-0430 2165 1 -2 -3 4 5 6 7 8 9 10 11 12 13 -14 -15 -16 17 18 -19 20 0
wuf20-0431 3384 1 2 3 4 5 -6 7 8 -9 10 11 -12 13 14 -15 16 17 18 19 20 0
wuf20-0432 3220 1 2 3 4 -5 6 7 8 9 -10 11 12 -13 14 15 16 17 18 -19 -20 0
wuf20-0433 2844 -1 2 3 4 5 6 7 8 9 10 -11 -12 13 -14 15 -16 17 18 19 -20 0
wuf20-0434 3431 1 2 3 4 -5 6 7 8 -9 10 11 12 -13 14 15 16 17 18 -19 20 0
wuf20-0435 3030 1 2 3 4 5 6 7 -8 9 -10 11 12 13 14 15 16 -17 18 -19 -20 0
wuf20-0436 3531 -1 2 3 4 -5 6 7 8 9 10 11 12 13 -14 15 16 17 18 -19 20 0
wuf20-0437 2507 1 -2 3 4 5 6 -7 8 9 10 11 12 -13 -14 -15 16 17 18 19 -20 0
wuf20-0438 3108 -1 -2 3 4 -5 6 7 8 9 10 11 12 13 14 15 16 17 18 -19 -20 0
wuf20-0439 3469 1 2 3 -4 5 -6 7 -8 -9 10 11 12 13 14 15 16 17 18 19 20 0
wuf20-044 2306 -1 -2 3 4 5 6 7 -8 9 -10 11 12 13 14 15 -16 -17 -18 19 20 0
wuf20-0440 2337 1 2 3 -4 5 -6 7 8 -9 10 11 12 13 -14 15 -16 -17 -18 19 20 0
wuf20-0441 3205 1 2 3 4 5 6 7 8 -9 10 11 12 -13 -14 15 16 17 -18 19 20 0
wuf20-0442 2196 -1 -2 3 -4 5 6 -7 8 9 10 11 12 13 -14 15 -16 17 -18 19 -20 0
wuf20-0443 2377 1 2 -3 -4 5 -6 7 8 -9 10 -11 12 13 14 -15 -16 17 18 19 20 0
wuf20-0444 2313 -1 2 -3 4 -5 6 7 8 -9 10 -11 12 -13 14 15 -16 -17 18 19 20 0
wuf20-0445 3067 1 2 3 4 -5 -6 7 8 -9 10 11 12 -13 -14 15 16 17 18 19 20 0
wuf20-0446 2904 1 2 -3 4 5 -6 -7 8 9 10 -11 12 13 14 15 16 17 18 19 20 0
wuf20-0447 2637 1 2 3 4 -5 6 -7 8 9 10 -11 12 13 14 15 -16 17 -18 -19 20 0
wuf20-0448 4084 1 2 -3 4 5 -6 7 8 9 10 11 12 13 14 15 16 17 18 19 -20 0
wuf20-0449 3348 -1 2 3 4 5 -6 7 8 9 10 11 -12 13 -14 15 16 17 18 19 -20 0
wuf20-045 2794 1 2 -3 4 -5 6 7 8 -9 10 11 -12 -13 14 15 16 17 18 19 20 0
wuf20-0450 2471 -1 2 3 -4 -5 -6 7 -8 9 10 11 12 13 -14 15 16 17 18 -19 20 0
wuf20-0451 3122 1 -2 -3 4 5 6 7 8 9 10 11 12 -13 14 15 16 17 18 19 -20 0
wuf20-0452 2866 -1 2 3 4 5 6 7 8 9 10 11 12 13 -14 -15 -16 -17 18 19 -20 0
wuf20-0453 2528 1 2 -3 -4 5 6 -7 -8 9 10 11 12 13 14 -15 -16 17 -18 19 20 0
wuf20-0454 2960 1 2 3 -4 5 -6 7 8 -9 -10 11 12 13 14 15 16 17 18 19 20 0
wuf20-0455 3199 1 2 3 -4 5 -6 -7 8 9 10 11 -12 13 14 15 16 -17 18 19 20 0
wuf20-0456 3581 -1 2 3 4 5 6 7 8 9 -10 11 12 13 14 15 16 -17 -18 19 20 0
wuf20-0457 3029 1 2 -3 4 -5 6 7 8 9 10 11 12 -13 14 15 16 17 18 -19 20 0
wuf20-0458 2776 1 -2 -3 -4 5 -6 7 8 9 -10 11 12 13 -14 15 16 -17 18 19 20 0
wuf20-0459 2308 1 2 3 4 5 6 7 -8 -9 -10 -11 12 13 -14 -15 16 17 18 -19 -20 0
wuf20-046 3150 1 2 -3 -4 5 6 7 -8 9 10 11 12 13 14 15 -16 17 18 19 20 0
wuf20-0460 3493 1 2 3 4 5 6 7 8 -9 10 11 12 13 -14 15 -16 17 18 19 20 0
wuf20-0461 3353 1 2 -3 4 5 6 7 8 -9 -10 -11 -12 13 14 15 16 17 18 19 20 0
wuf20-0462 4251 -1 2 3 4 5 6 7 8 9 10 11 -12 13 14 15 16 17 18 19 20 0
wuf20-0463 2873 1 2 -3 -4 5 6 7 -8 9 10 11 12 13 14 15 16 17 18 -19 20 0
wuf20-0464 2606 1 2 -3 -4 5 -6 7 8 9 -10 11 12 13 14 15 -16 17 -18 19 -20 0
wuf20-0465 3207 1 2 3 4 5 6 7 -8 9 -10 -11 12 13 14 15 16 17 -18 19 -20 0
wuf20-0466 2375 1 2 -3 4 5 6 7 8 -9 10 -11 12 -13 14 15 -16 -17 18 -19 20 0
wuf20-0467 2523 1 -2 3 4 5 -6 7 8 9 -10 11 12 -13 14 -15 -16 17 -18 19 20 0
wuf20-0468 2568 1 -2 3 4 5 6 7 -8 9 -10 11 12 13 -14 15 -16 -17 -18 19 20 0
wuf20-0469 3155 1 -2 -3 4 5 6 -7 -8 9 10 -11 12 13 14 15 -16 17 18 19 20 0
wuf20-047 3121 -1 -2 3 4 -5 6 7 -8 9 -10 11 12 13 -14 15 16 17 18 19 20 0
wuf20-0470 3146 1 2 3 4 5 6 7 8 9 -10 11 12 13 14 15 -16 17 18 -19 20 0
wuf20-0471 2767 1 2 3 -4 5 6 7 -8 9 10 11 -12 13 -14 15 16 -17 18 -19 20 0
wuf20-0472 3829 -1 2 3 -4 5 6 7 8 9 10 11 12 13 14 15 16 -17 18 19 20 0
wuf20-0473 3325 1 2 3 4 5 -6 -7 8 9 10 11 12 13 14 -15 -16 17 18 19 -20 0
wuf20-0474 2981 1 -2 -3 4 -5 6 7 8 9 10 11 12 13 -14 15 16 17 -18 19 -20 0
wuf20-0475 2897 1 2 3 -4 5 -6 7 8 -9 10 11 12 13 -14 15 16 17 -18 -19 20 0
wuf20-0476 3162 1 2 -3 4 5 -6 7 -8 9 10 -11 12 13 14 -15 -16 17 18 19 20 0
wuf20-0477 3395 1 2 3 4 5 6 -7 8 9 -10 11 -12 13 14 -15 16 -17 18 19 20 0
wuf20-0478 3283 1 2 -3 -4 5 6 7 8 9 10 11 12 13 14 15 -16 -17 18 -19 20 0
wuf20-0479 2830 -1 2 3 -4 -5 6 -7 8 -9 10 11 -12 13 14 15 16 17 18 19 20 0
wuf20-048 3513 1 2 3 -4 5 6 7 8 -9 10 11 12 13 14 15 16 -17 18 19 -20 0
wuf20-0480 3948 1 2 3 4 5 6 7 8 9 -10 11 12 13 14 15 16 17 18 -19 20 0
wuf20-0481 3241 1 2 -3 4 -5 6 7 8 -9 10 -11 12 13 14 15 -16 17 18 19 20 0
wuf20-0482 2797 -1 -2 3 4 -5 6 7 8 -9 10 -11 12 13 14 -15 16 17 18 19 20 0
wuf20-0483 3300 -1 2 -3 4 5 -6 7 8 9 -10 11 12 13 14 15 16 17 18 19 20 0
wuf20-0484 2881 1 2 3 4 5 6 7 8 -9 -10 11 -12 13 14 15 16 17 -18 -19 20 0
wuf20-0485 2953 -1 2 3 -4 5 6 -7 8 9 -10 11 12 13 14 15 16 -17 18 19 20 0
wuf20-0486 2188 -1 -2 3 -4 5 6 7 -8 9 -10 11 12 13 14 15 -16 17 -18 19 20 0
wuf20-0487 3738 1 2 3 4 5 6 -7 8 9 10 11 12 13 14 15 -16 17 18 19 20 0
wuf20-0488 3563 1 2 3 4 5 6 -7 8 9 10 11 12 13 14 15 16 17 18 -19 -20 0
wuf20-0489 3640 1 2 3 4 5 6 -7 8 -9 10 11 12 13 14 -15 -16 17 18 19 20 0
wuf20-049 2909 -1 -2 -3 4 -5 6 7 8 -9 10 11 12 13 14 15 16 -17 18 -19 20 0
wuf20-0490 3637 1 -2 3 4 5 -6 7 8 9 10 11 12 13 14 -15 16 17 18 -19 20 0
wuf20-0491 3620 1 2 3 -4 5 6 7 8 9 -10 11 12 13 14 15 16 17 18 19 20 0
wuf20-0492 3466 1 2 3 4 5 6 7 -8 9 -10 11 12 -13 -14 15 16 17 18 19 20 0
wuf20-0493 3247 1 2 -3 4 5 6 7 8 9 -10 11 12 -13 14 15 16 17 -18 19 20 0
wuf20-0494 3704 1 2 -3 4 5 6 7 8 9 10 -11 -12 13 14 15 16 17 18 19 20 0
wuf20-0495 3053 1 -2 3 4 5 6 7 -8 -9 10 11 12 -13 -14 15 16 17 18 19 20 0
wuf20-0496 3560 1 2 3 4 5 -6 -7 8 9 10 -11 12 -13 14 15 16 17 18 19 20 0
wuf20-0497 2450 1 2 -3 4 -5 6 7 8 -9 -10 11 12 13 -14 15 16 17 -18 19 -20 0
wuf20-0498 3405 1 2 3 -4 5 6 7 -8 9 10 11 12 13 14 15 16 17 -18 19 -20 0
wuf20-0499 4089 1 2 3 4 5 6 7 8 -9 10 11 12 13 14 15 16 17 18 19 20 0
wuf20-05 3186 -1 2 -3 4 5 6 7 8 -9 10 -11 12 13 -14 15 16 -17 18 -19 20 0
wuf20-050 2913 -1 2 3 4 5 6 7 8 9 10 -11 12 -13 14 15 -16 -17 18 -19 20 0
wuf20-0500 2492 1 2 3 -4 -5 6 7 8 -9 10 11 12 13 -14 15 16 -17 18 -19 -20 0
wuf20-0501 3319 1 2 3 4 -5 6 -7 8 9 -10 11 12 13 14 -15 16 17 18 -19 20 0
wuf20-0502 3168 1 -2 3 4 5 6 7 8 9 10 11 -12 13 14 15 16 17 18 -19 20 0
wuf20-0503 2539 1 2 -3 4 5 6 -7 8 9 10 -11 -12 13 14 -15 -16 17 18 19 -20 0
wuf20-0504 2816 1 -2 -3 4 -5 6 7 8 9 -10 11 12 13 14 15 16 17 18 -19 20 0
wuf20-0505 2973 -1 2 3 4 5 6 -7 -8 9 10 11 12 -13 -14 15 16 -17 18 19 20 0
wuf20-0506 3888 1 2 3 4 5 6 7 8 9 -10 -11 12 13 14 15 16 17 18 19 20 0
wuf20-0507 2743 1 2 3 4 5 6 7 8 9 -10 -11 12 -13 14 15 -16 17 -18 -19 20 0
wuf20-0508 2249 -1 2 3 -4 -5 -6 -7 8 9 10 11 -12 13 -14 15 16 17 18 19 20 0
wuf20-0509 2847 -1 2 3 4 5 6 7 8 9 10 -11 12 -13 14 15 16 -17 18 19 -20 0
wuf20-051 3469 1 2 -3 4 5 6 -7 8 9 10 11 12 13 -14 15 -16 17 18 19 20 0
wuf20-0510 2578 1 2 -3 4 -5 6 7 8 -9 10 -11 12 -13 14 15 16 17 -18 19 20 0
wuf20-0511 3794 1 -2 3 4 5 6 7 8 9 10 11 -12 13 14 15 16 17 18 19 -20 0
wuf20-0512 2865 1 -2 3 4 5 6 7 -8 9 -10 11 -12 -13 14 15 16 17 18 -19 20 0
wuf20-0513 2547 1 2 3 -4 5 -6 7 8 9 -10 -11 12 -13 -14 -15 16 17 18 19 20 0
wuf20-0514 3490 1 2 3 -4 -5 6 7 8 9 -10 11 -12 13 -14 15 16 17 18 19 20 0
wuf20-0515 3085 1 2 3 4 -5 -6 7 8 9 10 -11 12 -13 14 -15 16 17 18 19 20 0
wuf20-0516 3485 1 2 3 4 5 6 7 -8 9 10 11 -12 -13 14 15 16 17 18 19 20 0
wuf20-0517 3627 1 2 3 4 -5 6 7 8 9 10 11 12 13 14 -15 16 -17 -18 19 20 0
wuf20-0518 3196 1 -2 3 4 -5 6 7 8 9 10 11 12 13 14 15 16 -17 18 -19 20 0
wuf20-0519 3189 1 -2 -3 4 -5 -6 7 8 9 10 -11 12 13 14 15 16 -17 18 19 20 0
wuf20-052 3731 -1 2 3 4 5 6 -7 8 -9 -10 11 12 13 14 15 16 17 18 19 20 0
wuf20-0520 3492 1 2 3 -4 5 6 7 -8 9 10 11 -12 13 14 15 16 17 18 19 -20 0
wuf20-0521 2881 1 2 3 -4 5 6 7 -8 -9 10 11 12 13 -14 15 -16 17 18 -19 20 0
wuf20-0522 3467 1 2 3 4 5 6 7 -8 9 -10 11 12 -13 14 15 16 17 18 19 20 0
wuf20-0523 3172 1 2 3 4 5 -6 7 -8 9 10 -11 12 -13 14 15 -16 17 18 19 20 0
wuf20-0524 3482 1 -2 3 4 -5 6 7 8 9 10 11 12 13 14 15 -16 -17 18 -19 20 0
wuf20-0525 2957 -1 2 3 4 5 6 7 8 -9 10 11 12 -13 14 -15 16 17 18 19 20 0
wuf20-0526 2841 -1 2 -3 4 5 6 7 8 -9 10 11 12 13 14 -15 16 17 18 -19 -20 0
wuf20-0527 3855 1 2 3 -4 5 6 7 8 9 -10 11 12 13 14 15 16 17 18 19 20 0
wuf20-0528 2862 -1 2 3 4 -5 6 7 8 9 10 11 12 -13 -14 15 16 -17 -18 19 20 0
wuf20-0529 3428 1 2 -3 4 5 6 7 -8 9 -10 11 12 13 14 15 -16 17 -18 19 20 0
wuf20-053 4194 1 2 3 -4 5 6 7 8 9 10 11 12 13 14 15 16 17 -18 19 20 0
wuf20-0530 3279 1 2 3 -4 5 6 7 -8 9 -10 11 12 13 14 15 16 17 -18 19 20 0
wuf20-0531 3074 1 2 3 4 -5 6 -7 8 9 10 -11 12 13 14 15 16 -17 18 19 -20 0
wuf20-0532 2629 1 2 3 -4 5 6 7 -8 9 10 11 -12 -13 14 15 16 -17 -18 -19 20 0
wuf20-0533 3753 1 2 3 4 5 6 7 8 -9 10 11 12 13 -14 15 16 17 18 19 -20 0
wuf20-0534 3647 1 -2 3 4 5 -6 7 8 9 10 11 12 13 14 15 16 17 -18 19 20 0
wuf20-0535 2399 -1 -2 3 4 5 6 7 -8 -9 10 -11 12 13 14 -15 16 17 18 19 -20 0
wuf20-0536 2527 1 -2 3 -4 5 -6 7 8 9 10 -11 12 13 14 15 16 17 -18 -19 -20 0
wuf20-0537 3354 -1 2 3 4 -5 6 7 -8 9 10 11 12 13 14 15 16 17 18 -19 20 0
wuf20-0538 3006 -1 2 3 4 5 6 7 8 9 -10 11 12 13 -14 -15 16 -17 18 19 -20 0
wuf20-0539 3188 1 2 3 -4 5 -6 7 8 9 10 11 12 13 -14 15 16 -17 18 -19 20 0
wuf20-054 2691 -1 -2 3 -4 5 6 -7 8 -9 10 11 12 13 -14 15 16 17 18 19 20 0
wuf20-0540 3051 -1 -2 3 -4 5 6 7 -8 -9 10 11 12 13 14 15 16 -17 18 19 20 0
wuf20-0541 2864 -1 2 3 4 -5 6 -7 8 9 10 -11 12 13 14 15 -16 -17 18 19 20 0
wuf20-0542 3533 1 2 3 -4 5 6 -7 8 9 10 11 -12 -13 14 15 16 17 18 19 20 0
wuf20-0543 3702 1 2 3 4 5 6 7 -8 -9 10 11 12 13 14 15 16 17 18 19 -20 0
wuf20-0544 3013 1 2 3 -4 5 6 7 8 9 10 11 12 -13 14 -15 -16 17 18 19 -20 0
wuf20-0545 3611 1 2 3 4 5 -6 7 -8 9 10 11 12 13 14 -15 16 17 18 19 -20 0
wuf20-0546 2900 -1 2 3 4 5 6 7 -8 9 10 11 12 13 -14 15 16 -17 18 19 -20 0
wuf20-0547 3932 1 2 3 4 -5 -6 7 8 9 10 11 12 13 14 15 16 17 18 19 20 0
wuf20-0548 2955 1 -2 -3 4 5 6 7 8 9 -10 -11 12 13 14 15 16 17 18 -19 20 0
wuf20-0549 2797 -1 2 3 4 -5 6 -7 8 9 -10 11 12 13 -14 15 -16 17 18 19 20 0
wuf20-055 2851 1 -2 3 4 -5 -6 -7 8 9 10 11 -12 13 14 15 16 -17 18 19 20 0
wuf20-0550 3236 1 -2 3 4 5 6 -7 8 -9 10 11 12 13 -14 15 16 -17 18 19 20 0
wuf20-0551 2952 1 -2 3 4 -5 -6 7 8 9 10 -11 12 13 14 15 16 -17 18 19 20 0
wuf20-0552 3803 1 2 3 -4 5 6 7 -8 9 10 11 -12 13 14 15 16 17 18 19 20 0
wuf20-0553 2755 1 2 3 4 -5 6 7 8 9 -10 -11 12 13 -14 15 -16 -17 18 19 -20 0
wuf20-0554 4167 1 2 3 -4 5 6 7 8 9 10 11 12 13 14 15 16 17 18 19 20 0
wuf20-0555 3023 1 2 3 -4 5 6 7 -8 -9 10 11 12 -13 14 15 16 17 18 -19 20 0
wuf20-0556 3636 1 2 3 4 5 6 7 -8 -9 10 -11 12 13 14 15 16 17 18 19 20 0
wuf20-0557 2448 1 -2 -3 -4 5 6 -7 8 -9 10 11 -12 13 14 15 16 17 18 19 -20 0
wuf20-0558 2046 1 -2 3 -4 -5 -6 7 -8 9 -10 11 12 13 14 15 16 -17 18 19 -20 0
wuf20-0559 2757 -1 2 -3 -4 5 6 7 8 -9 10 11 -12 13 -14 15 -16 17 18 19 20 0
wuf20-056 3271 -1 2 -3 4 5 -6 -7 8 9 10 11 12 13 14 15 16 17 -18 19 20 0
wuf20-0560 3347 -1 2 3 4 5 -6 7 -8 9 10 -11 12 13 14 -15 16 17 18 19 20 0
wuf20-0561 3827 -1 2 3 -4 5 6 7 8 9 10 11 -12 13 14 15 16 17 18 19 20 0
wuf20-0562 2633 -1 2 -3 -4 5 -6 -7 8 9 10 11 12 13 14 15 -16 17 18 19 -20 0
wuf20-0563 3514 1 -2 3 4 5 6 -7 8 9 10 -11 12 13 14 15 16 17 18 19 -20 0
wuf20-0564 2661 -1 2 3 4 5 -6 7 -8 9 10 -11 -12 13 14 -15 16 -17 18 19 20 0
wuf20-0565 2882 1 -2 3 4 5 -6 7 8 9 10 11 12 -13 14 -15 -16 17 18 19 20 0
wuf20-0566 2623 1 -2 3 4 -5 -6 -7 -8 9 10 -11 12 13 14 15 -16 17 18 19 20 0
wuf20-0567 2707 1 -2 3 -4 -5 6 7 8 9 10 11 12 13 14 15 -16 17 -18 19 -20 0
wuf20-0568 3035 1 -2 3 4 -5 6 -7 8 9 10 11 -12 13 14 -15 16 17 -18 19 20 0
wuf20-0569 2338 -1 2 3 4 5 -6 7 -8 9 10 11 -12 13 -14 15 16 -17 18 19 -20 0
wuf20-057 3806 1 2 3 4 -5 -6 -7 8 9 10 11 -12 13 14 -15 16 17 18 19 20 0
wuf20-0570 2722 -1 2 3 -4 5 6 7 8 9 10 -11 12 13 14 15 16 -17 18 -19 20 0
wuf20-0571 3659 1 -2 -3 -4 5 6 7 8 9 10 11 12 13 14 -15 16 -17 18 19 20 0
wuf20-0572 3699 -1 2 -3 4 5 6 7 8 9 10 -11 12 13 14 -15 16 17 18 -19 20 0
wuf20-0573 3467 -1 2 -3 -4 5 6 7 8 9 10 11 12 13 14 -15 -16 17 18 19 20 0
wuf20-0574 4428 1 2 3 4 5 6 7 8 9 10 11 12 13 14 15 16 17 -18 -19 -20 0
wuf20-0575 2874 1 -2 -3 4 -5 6 -7 8 9 10 11 12 13 14 15 16 -17 -18 -19 20 0
wuf20-0576 3260 1 2 -3 4 -5 -6 -7 8 -9 10 11 12 13 14 15 -16 17 18 19 20 0
wuf20-0577 2636 1 -2 3 4 5 -6 -7 -8 9 10 11 12 13 -14 -15 16 17 -18 19 -20 0
wuf20-0578 4100 1 2 3 4 5 6 -7 8 9 -10 -11 12 13 14 15 16 17 -18 19 20 0
wuf20-0579 4358 1 2 3 4 -5 6 7 8 9 -10 11 12 -13 14 15 16 17 18 19 20 0
wuf20-058 3261 1 2 3 -4 5 -6 7 -8 -9 10 11 12 13 14 -15 -16 17 18 19 20 0
wuf20-0580 3089 1 -2 -3 4 5 -6 7 8 9 10 11 -12 13 14 15 -16 17 18 -19 20 0
wuf20-0581 3868 -1 2 3 4 5 6 7 8 9 10 11 12 -13 14 15 -16 -17 18 19 20 0
wuf20-0582 3919 1 -2 3 4 5 -6 7 8 9 10 11 12 13 14 15 -16 -17 18 19 20 0
wuf20-0583 3424 1 2 -3 4 5 -6 7 -8 9 -10 11 12 13 -14 15 -16 17 18 19 20 0
wuf20-0584 2646 1 2 -3 -4 5 6 -7 8 9 -10 -11 -12 13 -14 15 16 17 18 19 20 0
wuf20-0585 4094 1 2 3 4 -5 6 7 8 9 10 -11 -12 13 14 15 16 17 18 19 20 0
wuf20-0586 3588 1 2 3 4 5 6 7 8 9 -10 11 -12 -13 14 15 16 -17 18 19 -20 0
wuf20-0587 2480 1 2 -3 4 5 6 -7 -8 -9 10 11 12 13 -14 15 16 -17 -18 -19 20 0
wuf20-0588 3547 1 -2 3 -4 5 6 7 8 9 10 11 -12 -13 14 15 16 17 18 19 20 0
wuf20-0589 4499 1 2 3 4 5 6 -7 8 9 10 -11 12 13 14 15 16 17 18 19 20 0
wuf20-059 4144 1 2 3 4 5 6 7 -8 9 -10 11 12 13 14 15 16 -17 18 19 -20 0
wuf20-0590 2506 -1 -2 3 -4 -5 6 -7 8 9 10 -11 12 13 14 15 16 17 -18 19 -20 0
wuf20-0591 3002 -1 2 3 -4 5 6 7 -8 -9 10 -11 12 -13 14 15 16 17 18 19 -20 0
wuf20-0592 2911 1 -2 3 -4 5 6 -7 8 9 10 11 12 13 -14 -15 16 -17 -18 19 20 0
wuf20-0593 3319 -1 2 3 4 5 6 -7 8 9 10 -11 12 13 14 -15 16 17 -18 19 20 0
wuf20-0594 3925 1 2 -3 4 5 6 7 8 9 -10 11 -12 13 14 15 16 17 18 19 -20 0
wuf20-0595 3752 -1 2 3 4 5 6 7 8 9 10 11 12 13 14 -15 16 -17 18 19 -20 0
wuf20-0596 3464 1 -2 -3 4 -5 6 -7 8 9 10 -11 12 13 14 15 16 17 18 19 20 0
wuf20-0597 3527 1 2 3 4 -5 6 7 8 9 10 -11 12 13 14 -15 -16 17 18 19 20 0
wuf20-0598 3665 1 2 3 -4 5 6 7 8 9 10 11 12 -13 14 15 16 17 -18 -19 20 0
wuf20-0599 2786 1 -2 3 -4 5 6 7 8 -9 10 11 -12 13 14 15 16 -17 18 19 -20 0
wuf20-06 4669 1 2 -3 4 5 -6 7 8 9 10 11 12 13 14 15 16 17 18 19 20 0
wuf20-060 4389 1 2 3 -4 5 6 7 8 9 -10 11 12 -13 14 15 16 17 18 19 20 0
wuf20-0600 2846 -1 -2 3 -4 5 6 7 8 9 10 11 12 -13 -14 15 16 17 -18 19 -20 0
wuf20-0601 3142 1 2 -3 -4 5 -6 7 8 9 10 -11 12 13 -14 15 -16 17 18 19 20 0
wuf20-0602 4088 -1 2 3 4 5 -6 7 8 -9 10 11 12 13 14 15 16 17 -18 19 20 0
wuf20-0603 3440 1 2 -3 4 5 6 7 8 -9 10 11 12 -13 14 -15 16 17 -18 19 20 0
wuf20-0604 4116 1 2 3 4 5 6 7 8 -9 10 11 12 -13 -14 15 16 17 18 19 20 0
wuf20-0605 3085 1 -2 3 4 -5 6 -7 8 9 -10 11 12 -13 -14 15 16 17 18 19 20 0
wuf20-0606 3880 -1 2 3 -4 5 6 7 8 9 -10 11 12 13 14 15 16 17 18 -19 20 0
wuf20-0607 4156 1 2 3 4 5 6 7 8 -9 10 11 12 13 -14 15 16 -17 18 19 20 0
wuf20-0608 3196 -1 2 3 4 5 6 7 8 -9 10 11 12 -13 14 15 16 17 -18 -19 -20 0
wuf20-0609 3232 -1 2 3 4 -5 -6 7 -8 9 10 11 12 13 14 -15 16 17 -18 19 20 0
wuf20-061 3752 1 2 3 4 5 -6 -7 8 -9 10 11 12 13 14 15 16 17 18 -19 20 0
wuf20-0610 4029 1 2 3 4 5 6 7 8 9 -10 11 12 13 -14 -15 16 17 -18 19 20 0
wuf20-0611 2626 1 2 3 4 5 6 -7 8 -9 10 11 12 -13 -14 -15 -16 17 18 -19 -20 0
wuf20-0612 2804 -1 2 3 4 -5 6 -7 8 9 10 -11 12 13 14 15 -16 17 -18 19 20 0
wuf20-0613 3045 -1 2 3 -4 5 6 7 8 9 -10 11 12 13 14 -15 16 -17 18 19 -20 0
wuf20-0614 3072 -1 -2 3 -4 5 6 7 -8 9 10 11 -12 -13 14 15 16 17 18 -19 20 0
wuf20-0615 3325 1 -2 3 4 -5 6 7 8 -9 -10 11 12 13 -14 15 16 17 18 -19 20 0
wuf20-0616 2290 1 -2 -3 4 5 -6 -7 8 9 -10 11 -12 13 -14 -15 -16 17 18 19 20 0
wuf20-0617 3052 1 -2 3 4 5 -6 7 8 9 10 -11 12 13 14 15 16 17 -18 -19 -20 0
wuf20-0618 4296 -1 2 3 4 5 6 7 8 9 10 11 12 13 14 -15 -16 17 18 19 20 0
wuf20-0619 3936 1 -2 3 4 5 6 7 8 -9 10 11 12 13 14 15 16 17 18 19 -20 0
wuf20-062 2436 1 -2 3 -4 5 6 7 8 9 -10 -11 12 13 -14 -15 16 17 18 -19 20 0
wuf20-0620 2956 1 2 3 -4 5 6 -7 8 -9 10 11 12 13 14 15 -16 -17 18 19 -20 0
wuf20-0621 3746 -1 2 3 4 -5 6 7 8 9 10 -11 12 13 14 15 16 17 18 -19 20 0
wuf20-0622 2497 -1 2 -3 4 5 6 -7 8 9 -10 11 -12 13 14 15 16 17 -18 -19 -20 0
wuf20-0623 3739 1 2 3 4 5 6 7 8 9 -10 -11 12 -13 14 15 16 17 -18 19 20 0
wuf20-0624 2775 1 2 -3 4 5 6 7 -8 -9 10 -11 12 -13 14 -15 16 17 18 -19 -20 0
wuf20-0625 3308 -1 2 3 4 -5 -6 7 8 9 10 11 12 13 -14 15 16 -17 18 -19 20 0
wuf20-0626 3178 -1 2 3 -4 -5 -6 -7 8 9 10 11 12 13 14 15 16 -17 18 19 20 0
wuf20-0627 3691 1 -2 3 4 5 6 7 8 -9 -10 11 12 13 14 -15 16 17 18 19 20 0
wuf20-0628 4113 1 2 3 4 5 6 -7 8 -9 10 11 12 13 14 15 16 17 18 19 -20 0
wuf20-0629 4287 1 2 3 4 5 6 7 8 9 10 11 -12 13 14 15 16 -17 -18 19 20 0
wuf20-063 3475 1 2 3 4 5 6 -7 -8 9 10 11 12 -13 14 -15 16 17 -18 19 20 0
wuf20-0630 3564 1 2 3 4 5 6 7 -8 9 10 -11 12 -13 14 15 -16 -17 18 19 20 0
wuf20-0631 3657 1 2 3 4 5 -6 7 8 9 10 11 -12 13 -14 15 -16 17 18 19 20 0
wuf20-0632 2899 1 2 -3 4 -5 6 -7 -8 9 -10 11 12 13 -14 15 16 17 -18 19 20 0
wuf20-0633 3990 1 2 3 4 -5 6 7 8 9 10 -11 12 -13 -14 15 16 17 18 19 20 0
wuf20-0634 3052 1 2 -3 -4 5 -6 7 -8 9 10 11 12 13 -14 15 16 17 18 -19 20 0
wuf20-0635 4437 1 2 3 4 5 6 -7 8 9 10 11 12 13 14 15 16 -17 18 19 -20 0
wuf20-0636 3207 1 2 3 4 -5 6 7 8 9 10 11 -12 -13 -14 -15 16 -17 18 19 20 0
wuf20-0637 2768 1 2 3 -4 5 6 7 -8 9 10 -11 12 13 -14 15 16 -17 18 -19 -20 0
wuf20-0638 3385 1 2 3 4 5 6 7 -8 9 10 11 12 13 14 15 16 -17 18 -19 -20 0
wuf20-0639 3543 1 2 3 4 5 6 7 8 -9 -10 11 12 13 14 15 -16 17 -18 -19 20 0
wuf20-064 3282 1 2 3 -4 5 -6 -7 8 9 10 11 12 -13 14 15 16 17 -18 19 20 0
wuf20-0640 3342 1 2 -3 -4 5 6 7 -8 9 10 -11 12 13 -14 15 16 17 18 19 20 0
wuf20-0641 3574 1 2 3 -4 5 6 7 8 9 10 -11 -12 -13 14 15 16 17 18 19 -20 0
wuf20-0642 2768 -1 2 3 -4 5 6 -7 8 -9 -10 11 12 13 -14 15 16 17 18 19 20 0
wuf20-0643 3740 1 2 3 4 5 -6 7 8 -9 10 11 -12 13 14 15 -16 17 18 19 20 0
wuf20-0644 3856 -1 2 3 4 5 -6 7 8 9 10 11 12 -13 14 15 16 17 -18 19 20 0
wuf20-0645 3870 1 2 -3 4 5 6 -7 8 9 10 -11 12 13 14 15 16 17 18 19 20 0
wuf20-0646 3263 1 -2 3 4 5 6 7 8 9 10 -11 12 -13 14 15 16 -17 18 19 -20 0
wuf20-0647 3342 1 2 -3 4 5 6 -7 8 9 10 11 12 13 14 -15 16 -17 -18 19 20 0
wuf20-0648 3460 1 2 3 -4 5 6 -7 8 9 10 11 -12 13 14 15 16 17 -18 19 20 0
wuf20-0649 3187 -1 2 3 4 5 -6 7 8 -9 -10 11 12 -13 -14 15 16 17 18 19 20 0
wuf20-065 3786 1 2 3 4 -5 6 -7 8 -9 10 11 12 13 14 15 -16 17 18 19 -20 0
wuf20-0650 3041 -1 -2 3 -4 5 6 -7 8 -9 10 11 -12 13 14 15 16 17 -18 19 20 0
wuf20-0651 4018 1 -2 3 4 5 6 7 8 9 10 -11 -12 -13 14 15 16 17 18 19 20 0
wuf20-0652 3451 -1 -2 3 4 5 6 7 8 -9 10 11 12 -13 14 -15 16 17 18 19 20 0
wuf20-0653 3044 1 2 3 -4 -5 6 7 8 9 -10 11 12 13 14 15 -16 -17 18 19 -20 0
wuf20-0654 2676 -1 2 -3 4 5 -6 7 8 -9 10 -11 12 13 -14 -15 16 17 18 19 20 0
wuf20-0655 2516 -1 2 3 4 5 6 -7 8 -9 10 11 -12 -13 14 -15 16 -17 18 19 20 0
wuf20-0656 2290 1 -2 3 -4 5 -6 7 -8 9 10 -11 -12 -13 14 -15 16 -17 18 19 20 0
wuf20-0657 3179 1 2 -3 4 -5 6 7 -8 -9 10 11 12 13 14 -15 16 17 18 -19 20 0
wuf20-0658 2849 1 -2 3 4 5 6 -7 8 -9 10 11 -12 -13 -14 15 -16 17 18 19 20 0
wuf20-0659 3525 1 2 3 4 5 6 7 8 9 10 11 -12 13 -14 -15 16 -17 -18 19 20 0
wuf20-066 4120 1 2 3 4 5 -6 7 -8 9 -10 11 12 13 14 15 16 17 -18 19 20 0
wuf20-0660 3907 1 2 -3 4 5 6 -7 8 9 10 11 -12 13 -14 15 16 17 18 19 20 0
wuf20-0661 3914 -1 2 3 -4 -5 6 7 8 9 10 11 12 13 14 15 16 17 18 -19 20 0
wuf20-0662 4082 1 2 3 4 5 6 -7 8 9 -10 -11 12 13 14 15 16 17 18 19 20 0
wuf20-0663 3117 1 -2 3 4 5 6 7 8 9 10 -11 12 -13 14 15 -16 17 18 -19 -20 0
wuf20-0664 4173 1 2 3 4 5 6 -7 8 9 10 11 12 13 -14 -15 16 17 18 19 20 0
wuf20-0665 3624 1 2 3 -4 5 6 -7 8 9 -10 11 12 -13 14 -15 16 17 18 19 20 0
wuf20-0666 3068 1 2 -3 4 5 6 7 8 -9 10 11 -12 -13 -14 15 16 17 -18 19 20 0
wuf20-0667 3182 1 2 3 -4 5 6 -7 8 9 -10 11 12 13 14 -15 -16 17 18 19 20 0
wuf20-0668 4225 1 -2 3 4 5 6 7 -8 -9 10 11 12 13 14 15 16 17 18 19 20 0
wuf20-0669 3369 1 2 3 4 5 6 7 -8 -9 10 11 -12 -13 14 15 16 -17 18 19 20 0
wuf20-067 3429 1 2 -3 -4 5 6 7 8 9 -10 11 12 -13 -14 15 16 17 18 19 20 0
wuf20-0670 3084 1 -2 3 4 5 -6 -7 8 9 10 -11 12 13 14 -15 16 17 18 19 -20 0
wuf20-0671 3140 -1 2 3 4 5 6 7 8 -9 10 -11 12 13 -14 15 16 17 -18 19 20 0
wuf20-0672 3013 1 2 3 4 5 6 7 -8 9 -10 11 -12 13 14 15 -16 -17 18 -19 20 0
wuf20-0673 2064 -1 -2 3 4 5 -6 -7 8 -9 -10 11 12 13 14 15 -16 17 -18 -19 20 0
wuf20-0674 2750 1 -2 3 -4 5 6 7 -8 -9 -10 11 -12 13 14 15 16 17 18 -19 -20 0
wuf20-0675 3950 1 2 -3 4 5 6 7 8 9 -10 -11 12 13 14 15 -16 17 18 19 20 0
wuf20-0676 3082 1 2 -3 4 5 6 7 -8 -9 10 11 12 13 -14 -15 16 17 -18 19 20 0
wuf20-0677 3236 -1 -2 3 4 5 6 7 8 9 10 11 -12 -13 14 15 16 -17 18 19 20 0
wuf20-0678 3783 -1 2 3 4 5 6 7 -8 9 10 11 12 13 -14 -15 16 17 18 19 20 0
wuf20-0679 4328 1 2 3 4 5 6 7 8 9 10 -11 12 -13 14 15 16 -17 18 19 20 0
wuf20-068 3516 1 2 3 4 5 6 7 8 9 -10 -11 12 13 14 15 -16 -17 18 19 20 0
wuf20-0680 4318 1 2 3 4 5 6 7 8 9 10 11 -12 13 14 -15 16 17 18 19 20 0
wuf20-0681 3849 1 2 3 4 5 6 -7 8 9 10 -11 -12 13 14 15 16 -17 18 19 20 0
wuf20-0682 3048 -1 2 -3 -4 -5 6 -7 8 9 10 11 -12 13 14 15 16 17 18 19 20 0
wuf20-0683 2929 1 2 -3 -4 5 -6 7 -8 9 10 11 12 13 -14 15 16 -17 18 19 -20 0
wuf20-0684 3217 -1 2 3 -4 -5 6 7 8 -9 -10 11 12 13 14 15 16 17 18 19 20 0
wuf20-0685 3424 -1 2 3 4 5 6 -7 8 9 10 11 -12 -13 14 -15 16 17 -18 19 20 0
wuf20-0686 3024 1 2 3 4 5 6 -7 8 9 -10 -11 -12 -13 14 15 -16 17 18 19 -20 0
wuf20-0687 3418 1 -2 3 4 -5 6 7 8 -9 10 11 12 13 14 -15 -16 -17 18 19 20 0
wuf20-0688 4014 1 2 -3 -4 5 6 7 8 9 10 11 12 13 14 15 16 -17 18 19 20 0
wuf20-0689 3216 1 2 3 -4 5 6 -7 8 9 10 11 12 13 14 -15 16 -17 -18 19 -20 0
wuf20-069 3669 1 2 3 4 5 6 -7 -8 9 10 11 12 13 -14 15 -16 17 18 19 -20 0
wuf20-0690 3793 1 2 3 4 5 -6 7 -8 9 10 11 12 13 14 15 -16 -17 18 19 20 0
wuf20-0691 3795 1 2 -3 4 5 6 7 8 9 10 -11 12 -13 -14 15 16 17 -18 19 20 0
wuf20-0692 4347 1 2 -3 4 5 6 7 -8 9 10 11 12 13 14 15 16 17 18 19 20 0
wuf20-0693 3454 -1 -2 -3 -4 5 6 7 8 9 10 11 -12 13 14 15 16 17 18 19 20 0
wuf20-0694 3203 1 2 -3 4 -5 6 -7 -8 9 -10 11 -12 13 14 15 16 17 18 19 20 0
wuf20-0695 4443 1 2 3 4 5 6 7 8 9 10 11 -12 13 14 15 16 -17 18 19 20 0
wuf20-0696 2912 1 2 -3 4 5 -6 7 -8 9 10 -11 12 13 -14 15 -16 -17 18 19 -20 0
wuf20-0697 3729 -1 2 -3 -4 5 6 7 8 9 10 11 12 13 14 15 16 17 18 19 -20 0
wuf20-0698 3931 1 2 3 4 5 6 7 -8 9 10 11 12 -13 14 15 16 17 -18 19 -20 0
wuf20-0699 3712 1 2 3 4 -5 -6 -7 8 -9 10 11 12 13 14 15 16 17 -18 19 20 0
wuf20-07 3381 -1 2 3 4 -5 6 7 8 9 -10 11 12 13 14 15 -16 -17 18 19 20 0
wuf20-070 3551 1 2 3 4 5 6 -7 8 9 10 11 -12 -13 14 -15 16 17 18 19 -20 0
wuf20-0700 3993 -1 2 3 4 5 6 7 8 9 10 11 12 13 14 -15 16 17 -18 19 20 0
wuf20-0701 3086 1 -2 3 4 -5 6 -7 -8 9 10 11 -12 13 14 -15 16 17 18 19 -20 0
wuf20-0702 4249 1 2 3 -4 5 6 7 -8 9 10 -11 12 13 14 15 16 17 18 19 20 0
wuf20-0703 3402 1 2 -3 4 5 6 7 -8 9 -10 -11 12 13 14 -15 16 17 18 19 20 0
wuf20-0704 2768 -1 2 3 -4 -5 6 7 -8 9 10 -11 12 13 -14 15 16 17 18 -19 20 0
wuf20-0705 4481 1 2 3 4 5 6 7 -8 9 -10 11 12 13 -14 15 16 17 18 19 20 0
wuf20-0706 3631 1 -2 -3 4 5 6 7 8 9 10 11 -12 13 -14 15 16 17 18 19 20 0
wuf20-0707 3426 1 -2 3 4 -5 6 -7 -8 9 10 11 12 -13 14 15 16 17 -18 19 20 0
wuf20-0708 3594 1 2 3 4 5 6 7 -8 9 10 11 12 13 14 -15 -16 17 18 19 -20 0
wuf20-0709 4304 1 2 3 -4 5 6 -7 8 9 10 11 -12 13 14 15 16 17 18 19 20 0
wuf20-071 2947 1 -2 -3 4 -5 6 7 -8 9 10 11 12 13 14 -15 16 -17 -18 19 20 0
wuf20-0710 3018 -1 2 3 -4 -5 6 7 8 -9 -10 11 12 13 -14 15 16 17 18 19 20 0
wuf20-0711 2638 -1 2 -3 4 -5 -6 -7 8 9 10 11 12 -13 14 15 16 17 18 19 20 0
wuf20-0712 3063 1 -2 -3 4 5 -6 7 8 -9 -10 -11 12 13 14 15 16 -17 18 19 20 0
wuf20-0713 3884 1 2 -3 4 5 6 -7 8 9 10 11 -12 13 14 15 16 17 18 19 20 0
wuf20-0714 3529 -1 2 3 4 5 -6 -7 8 9 10 11 12 13 14 -15 16 -17 18 19 20 0
wuf20-0715 3054 1 2 -3 4 5 6 -7 8 9 -10 11 -12 13 14 15 -16 17 -18 19 -20 0
wuf20-0716 3530 -1 2 -3 4 5 6 -7 8 9 10 -11 -12 13 14 15 16 17 18 -19 20 0
wuf20-0717 2357 -1 -2 -3 4 5 6 7 8 9 -10 11 12 13 -14 -15 16 17 18 -19 -20 0
wuf20-0718 2923 1 2 3 4 -5 6 7 -8 9 10 11 12 -13 -14 -15 16 -17 -18 19 20 0
wuf20-0719 3552 1 2 3 -4 5 6 7 -8 9 -10 11 12 -13 14 15 -16 17 18 19 20 0
wuf20-072 3013 1 -2 -3 4 5 6 7 -8 9 -10 11 12 -13 14 15 -16 -17 18 19 20 0
wuf20-0720 3986 1 2 3 4 5 6 7 8 9 10 11 -12 -13 14 15 16 -17 18 19 20 0
wuf20-0721 4050 1 2 3 4 -5 -6 7 8 9 -10 11 12 13 14 -15 16 17 18 19 20 0
wuf20-0722 3528 1 -2 -3 4 5 6 7 8 -9 10 11 12 -13 14 15 16 17 18 19 20 0
wuf20-0723 3987 1 -2 3 4 5 6 -7 8 9 10 11 12 13 14 15 -16 17 -18 19 20 0
wuf20-0724 4781 1 2 3 4 5 6 7 8 -9 10 11 12 13 14 15 16 17 18 19 20 0
wuf20-0725 3433 1 -2 -3 4 5 6 7 8 9 10 11 12 13 14 -15 16 17 -18 -19 20 0
wuf20-0726 3450 1 2 3 4 -5 6 7 8 9 10 11 12 -13 -14 15 -16 17 18 -19 20 0
wuf20-0727 3814 1 2 3 4 5 6 -7 8 9 10 11 12 13 -14 15 16 17 -18 19 20 0
wuf20-0728 2769 1 -2 3 4 5 6 7 8 -9 10 -11 12 -13 -14 15 -16 17 18 19 -20 0
wuf20-0729 2853 -1 -2 -3 4 5 -6 7 -8 9 10 -11 12 13 14 15 16 17 -18 19 20 0
wuf20-073 4217 1 2 -3 4 5 6 7 8 9 10 -11 12 13 -14 -15 16 17 18 19 20 0
wuf20-0730 3352 1 2 3 4 5 -6 -7 8 9 10 -11 -12 13 -14 15 16 -17 18 19 20 0
wuf20-0731 3602 -1 2 3 4 5 6 7 8 9 10 11 12 13 14 15 -16 -17 -18 19 -20 0
wuf20-0732 3461 1 2 -3 -4 5 6 -7 8 9 10 11 12 13 14 15 16 17 -18 19 -20 0
wuf20-0733 3662 1 2 3 4 5 6 7 8 9 -10 11 -12 13 14 15 16 17 -18 19 -20 0
wuf20-0734 4676 1 2 -3 4 5 6 7 8 9 10 11 12 13 14 15 16 17 18 19 20 0
wuf20-0735 3045 1 2 -3 4 -5 -6 -7 8 -9 10 11 12 13 14 15 -16 17 -18 19 20 0
wuf20-0736 3266 -1 2 3 4 5 6 7 -8 9 10 11 -12 -13 14 -15 16 -17 18 19 20 0
wuf20-0737 3035 1 2 3 -4 -5 6 7 -8 9 10 11 12 13 14 -15 16 17 -18 -19 -20 0
wuf20-0738 3269 1 2 3 -4 -5 6 7 8 -9 10 11 12 13 -14 15 -16 -17 18 19 20 0
wuf20-0739 4265 1 2 3 4 5 6 7 8 9 10 11 12 -13 14 15 16 -17 -18 19 -20 0
wuf20-074 4192 1 2 3 4 5 6 -7 8 9 10 11 12 -13 14 15 16 17 18 -19 20 0
wuf20-0740 4269 1 2 3 4 5 -6 7 8 -9 10 11 12 -13 14 15 16 17 18 19 20 0
wuf20-0741 2979 1 2 3 4 -5 6 7 8 9 10 -11 12 -13 -14 15 16 17 18 -19 20 0
wuf20-0742 3851 1 2 3 4 5 -6 7 8 9 10 11 12 -13 14 15 16 17 18 -19 20 0
wuf20-0743 3000 -1 2 -3 -4 5 -6 7 8 -9 -10 11 12 13 14 15 16 17 18 19 -20 0
wuf20-0744 3553 1 2 -3 4 5 6 7 8 9 10 11 -12 -13 14 15 -16 -17 18 19 20 0
wuf20-0745 3375 1 2 3 4 5 6 7 8 9 -10 11 -12 13 14 15 -16 -17 -18 -19 20 0
wuf20-0746 4401 1 2 3 4 5 6 7 8 9 10 -11 12 13 14 15 16 17 18 19 -20 0
wuf20-0747 3784 -1 -2 -3 4 5 6 -7 8 9 10 11 12 13 -14 15 16 17 18 19 20 0
wuf20-0748 2821 1 -2 3 4 -5 6 7 8 9 10 11 -12 13 -14 -15 16 -17 18 -19 20 0
wuf20-0749 5384 1 2 3 4 5 6 -7 8 9 10 11 12 13 14 15 16 17 18 19 20 0
wuf20-075 3137 1 -2 3 4 5 6 7 -8 9 10 11 12 13 -14 15 16 -17 -18 19 -20 0
wuf20-0750 4951 1 2 3 4 5 6 7 8 9 -10 11 -12 13 14 15 16 17 18 19 20 0
wuf20-0751 3113 -1 -2 3 4 5 6 7 8 -9 -10 11 12 -13 14 15 16 17 -18 19 20 0
wuf20-0752 3272 1 -2 3 -4 5 6 7 8 9 10 11 12 -13 -14 15 16 17 18 -19 -20 0
wuf20-0753 3225 1 2 -3 4 5 6 -7 8 9 -10 11 12 13 14 -15 16 17 18 19 -20 0
wuf20-0754 4279 1 2 3 4 5 6 7 8 9 10 -11 12 -13 14 -15 16 17 18 19 20 0
wuf20-0755 3848 1 2 3 -4 5 -6 -7 8 9 10 11 -12 13 14 15 16 17 18 19 20 0
wuf20-0756 2953 1 2 3 4 5 -6 7 8 9 -10 -11 12 -13 -14 15 -16 -17 18 19 20 0
wuf20-0757 4411 1 2 3 4 5 6 -7 8 -9 10 11 12 13 14 15 16 17 18 19 20 0
wuf20-0758 4369 1 2 3 4 5 -6 7 8 9 10 11 12 13 14 15 16 17 -18 -19 20 0
wuf20-0759 3832 1 2 3 4 5 6 -7 -8 9 10 11 12 13 14 15 16 17 -18 -19 20 0
wuf20-076 3121 1 -2 3 -4 -5 -6 7 -8 9 10 -11 12 13 14 15 16 17 18 19 -20 0
wuf20-0760 3012 1 2 3 4 5 6 -7 -8 -9 -10 -11 12 13 -14 -15 16 17 18 19 20 0
wuf20-0761 4094 1 2 3 4 5 -6 7 8 9 10 11 -12 13 14 15 16 17 18 19 20 0
wuf20-0762 3543 1 2 3 -4 5 -6 -7 8 9 10 -11 12 13 14 15 16 -17 18 19 20 0
wuf20-0763 4372 1 2 -3 4 5 6 -7 8 9 10 11 12 13 14 -15 16 17 18 19 20 0
wuf20-0764 4360 1 2 3 4 5 6 7 8 -9 10 11 12 13 14 -15 -16 17 18 19 20 0
wuf20-0765 4005 -1 -2 3 4 5 6 7 8 9 10 11 12 13 14 -15 16 17 18 19 -20 0
wuf20-0766 3497 1 2 -3 4 5 6 7 8 -9 10 11 12 -13 14 15 16 -17 -18 19 20 0
wuf20-0767 3680 1 2 3 4 -5 6 7 8 -9 10 11 12 13 14 -15 16 -17 18 19 20 0
wuf20-0768 3062 -1 2 3 -4 -5 -6 7 -8 -9 10 11 12 13 14 15 16 -17 18 19 20 0
wuf20-0769 3343 -1 2 -3 4 5 6 7 8 9 10 11 12 13 14 15 16 -17 18 -19 -20 0
wuf20-0770 4024 1 2 3 4 5 6 7 8 9 -10 11 12 13 14 15 -16 -17 18 19 20 0
wuf20-0771 3538 -1 2 3 4 5 -6 7 8 9 10 11 -12 13 14 15 16 17 18 -19 -20 0
wuf20-0772 3729 1 2 -3 4 -5 6 7 8 9 10 11 12 13 14 15 16 17 18 -19 -20 0
wuf20-0773 3396 1 -2 3 4 5 6 7 8 -9 10 -11 -12 -13 14 15 16 17 18 19 20 0
wuf20-0774 3126 1 -2 3 4 -5 -6 7 8 -9 10 11 12 13 -14 15 16 -17 18 19 20 0
wuf20-0775 2458 -1 2 -3 4 5 6 -7 -8 9 10 11 12 -13 14 -15 -16 -17 18 19 20 0
wuf20-0776 3053 1 2 -3 4 -5 6 -7 -8 -9 10 11 12 13 14 15 16 -17 18 19 20 0
wuf20-0777 3594 1 -2 3 -4 5 6 7 8 9 10 -11 -12 13 14 15 16 17 18 19 -20 0
wuf20-0778 3152 1 -2 3 4 5 -6 -7 8 -9 10 11 12 13 14 -15 16 -17 18 -19 20 0
wuf20-0779 3581 1 2 -3 4 -5 6 7 8 9 10 11 12 13 -14 15 -16 17 18 -19 20 0
wuf20-078 3139 1 2 3 4 5 -6 7 -8 9 -10 11 12 -13 14 15 -16 17 18 19 20 0
wuf20-0781 3326 1 2 3 4 -5 -6 -7 8 9 10 11 -12 13 14 15 16 17 18 19 -20 0
wuf20-0782 2986 -1 -2 3 -4 5 6 7 -8 9 10 11 12 13 14 15 16 -17 -18 -19 20 0
wuf20-0783 3777 1 2 3 4 5 6 7 8 9 10 11 -12 13 14 -15 -16 17 18 19 -20 0
wuf20-0784 3103 1 -2 -3 4 5 -6 7 8 -9 10 11 12 13 14 15 16 -17 -18 19 20 0
wuf20-0785 3083 -1 2 3 -4 -5 6 7 8 9 10 11 12 13 -14 15 16 17 -18 -19 20 0
wuf20-0786 3685 1 2 3 4 5 6 7 8 9 10 11 12 13 14 -15 -16 -17 -18 19 20 0
wuf20-0787 2697 -1 2 3 -4 -5 -6 -7 -8 9 10 11 12 13 14 15 -16 17 18 19 20 0
wuf20-0788 4172 1 2 3 4 5 6 7 8 9 10 11 -12 -13 -14 15 16 17 18 19 20 0
wuf20-0789 4325 1 2 3 4 -5 6 7 -8 9 10 11 12 -13 14 15 16 17 -18 19 20 0
wuf20-079 2919 1 -2 3 4 5 6 -7 -8 9 10 11 12 -13 -14 15 -16 17 18 -19 20 0
wuf20-0790 3900 -1 2 3 4 5 6 7 8 9 10 11 12 13 14 -15 16 -17 18 19 20 0
wuf20-0791 3752 1 2 -3 4 -5 6 -7 -8 9 10 11 12 13 -14 15 16 17 18 19 20 0
wuf20-0792 2417 1 2 -3 4 -5 6 7 8 9 -10 11 -12 13 -14 15 16 17 -18 19 -20 0
wuf20-0793 3353 1 -2 3 4 5 6 7 8 9 10 11 -12 -13 14 15 16 17 -18 -19 20 0
wuf20-0794 4041 1 2 3 4 5 6 7 8 9 10 11 12 13 14 -15 16 -17 18 -19 -20 0
wuf20-0795 3051 1 2 3 4 5 6 7 8 9 10 11 12 -13 -14 15 16 -17 18 -19 -20 0
wuf20-0796 2989 1 -2 3 -4 5 6 -7 8 9 10 11 12 -13 -14 -15 -16 17 18 19 20 0
wuf20-0797 3821 1 2 3 -4 5 -6 7 8 9 -10 11 12 -13 14 15 16 17 18 19 20 0
wuf20-0798 4299 1 2 3 4 5 6 7 -8 -9 10 11 -12 13 14 15 16 17 18 -19 20 0
wuf20-0799 3693 1 2 3 -4 5 6 -7 8 -9 10 11 12 13 14 15 16 17 18 19 -20 0
wuf20-08 3039 1 2 3 4 -5 6 7 -8 9 10 11 12 13 14 15 16 -17 -18 -19 20 0
wuf20-080 3694 1 2 3 -4 5 -6 7 8 9 -10 11 12 13 14 15 16 17 -18 19 20 0
wuf20-0800 3666 1 2 3 4 5 6 7 8 9 -10 11 -12 13 14 -15 -16 17 18 19 -20 0
wuf20-0801 4348 1 2 3 4 5 6 7 8 9 -10 11 12 -13 14 15 16 17 18 19 20 0
wuf20-0802 3531 1 -2 3 4 5 -6 7 8 9 -10 -11 12 13 14 -15 16 17 18 19 20 0
wuf20-0803 3791 -1 2 3 4 5 6 7 -8 9 10 -11 12 13 14 15 -16 17 18 19 20 0
wuf20-0804 3182 1 2 3 4 5 6 7 8 -9 10 11 12 -13 14 15 -16 17 -18 19 20 0
wuf20-0805 4168 1 2 3 4 5 6 7 8 9 10 11 12 13 14 -15 16 17 -18 19 20 0
wuf20-0806 3817 -1 2 -3 4 5 6 7 8 9 10 11 12 13 14 15 -16 17 -18 -19 20 0
wuf20-0807 3380 1 -2 3 4 5 6 7 8 -9 -10 11 12 13 14 15 16 17 18 19 -20 0
wuf20-0808 3251 1 2 -3 -4 5 -6 -7 8 9 10 11 12 13 -14 15 16 -17 18 19 20 0
wuf20-0809 3196 -1 -2 3 4 5 -6 7 8 -9 10 11 12 -13 14 -15 16 17 18 19 20 0
wuf20-081 4032 1 2 3 4 5 6 7 8 9 10 11 12 13 -14 15 16 17 18 -19 -20 0
wuf20-0810 2785 1 2 3 4 -5 6 7 8 -9 10 -11 -12 -13 14 15 -16 17 -18 19 -20 0
wuf20-0811 3839 1 2 3 4 5 6 7 8 9 10 11 -12 -13 14 15 16 17 18 -19 -20 0
wuf20-0812 3608 1 -2 -3 4 5 6 7 8 9 -10 11 12 -13 14 15 16 17 -18 19 -20 0
wuf20-0813 3529 1 2 3 4 5 -6 7 -8 9 10 11 12 -13 14 -15 16 -17 18 19 20 0
wuf20-0814 3857 1 2 3 4 5 6 7 8 9 -10 11 12 13 14 15 16 -17 -18 19 -20 0
wuf20-0815 3530 1 2 3 4 5 6 7 8 -9 -10 11 12 13 14 15 16 17 -18 19 -20 0
wuf20-0816 3258 1 -2 3 -4 5 -6 7 -8 -9 10 11 12 13 14 15 -16 17 18 19 20 0
wuf20-0817 2548 1 -2 3 -4 -5 6 7 8 9 10 11 -12 -13 -14 15 -16 -17 18 19 20 0
wuf20-0818 3979 1 -2 3 -4 -5 6 7 8 9 10 11 12 -13 14 15 16 17 18 19 20 0
wuf20-0819 3818 1 2 -3 4 5 6 7 8 9 -10 11 -12 13 14 15 16 17 18 19 20 0
wuf20-082 3540 1 2 3 4 5 -6 -7 -8 9 10 11 12 13 14 -15 16 17 18 -19 20 0
wuf20-0820 3740 1 2 3 4 5 -6 7 8 -9 -10 11 12 13 14 15 16 17 -18 19 -20 0
wuf20-0821 2781 1 2 -3 4 -5 6 7 8 -9 10 -11 12 -13 -14 15 16 17 18 19 -20 0
wuf20-0822 2304 1 2 3 -4 -5 -6 7 8 9 -10 11 12 13 14 15 -16 -17 -18 -19 20 0
wuf20-0823 3350 1 -2 3 4 -5 6 7 8 -9 10 11 12 13 -14 -15 16 17 18 -19 20 0
wuf20-0824 2900 1 -2 3 -4 5 -6 -7 -8 9 10 11 12 13 14 15 16 -17 -18 19 20 0
wuf20-0825 2907 -1 2 -3 -4 5 6 -7 -8 -9 -10 11 12 13 14 15 16 17 18 19 20 0
wuf20-0826 4249 1 -2 3 4 5 6 7 -8 9 10 11 12 13 -14 15 16 17 18 19 20 0
wuf20-0827 2869 1 -2 -3 4 5 6 7 -8 9 -10 11 -12 13 14 -15 16 17 18 19 -20 0
wuf20-0828 3606 1 -2 3 4 5 6 7 8 9 10 11 12 13 14 15 -16 17 -18 19 20 0
wuf20-0829 3507 1 2 3 4 5 6 -7 8 9 10 11 12 -13 -14 -15 16 17 18 19 20 0
wuf20-083 3049 1 2 3 4 5 -6 -7 8 9 10 11 12 13 14 -15 -16 17 18 -19 20 0
wuf20-0830 3030 1 -2 3 -4 5 6 -7 8 9 10 11 -12 -13 14 15 16 17 18 19 20 0
wuf20-0831 4086 -1 2 3 4 5 6 7 8 9 10 11 12 13 -14 15 16 17 -18 19 20 0
wuf20-0832 2397 1 2 3 -4 5 -6 -7 -8 9 -10 11 -12 -13 -14 -15 16 17 18 19 20 0
wuf20-0833 3032 -1 2 3 -4 5 6 -7 8 -9 10 -11 12 13 14 15 16 17 18 19 -20 0
wuf20-0834 2659 -1 2 -3 4 5 6 -7 8 9 10 11 -12 13 14 15 16 17 -18 -19 -20 0
wuf20-0835 4007 1 2 3 4 5 6 7 8 9 -10 11 12 13 14 15 -16 17 18 19 -20 0
wuf20-0836 3893 1 2 -3 4 5 6 7 -8 9 -10 11 12 13 -14 15 16 17 18 -19 20 0
wuf20-0837 3205 1 2 3 -4 5 -6 7 8 9 -10 11 12 13 14 -15 -16 17 18 -19 20 0
wuf20-0838 2461 -1 2 -3 4 -5 -6 7 8 9 -10 11 12 13 14 15 -16 17 18 19 20 0
wuf20-0839 3050 1 2 -3 4 -5 6 7 8 -9 10 11 12 13 -14 15 16 17 -18 -19 20 0
wuf20-084 3532 1 -2 3 4 -5 6 7 8 9 10 11 -12 13 14 15 -16 17 18 19 20 0
wuf20-0840 3334 1 2 3 4 5 -6 -7 8 9 10 11 12 13 -14 -15 16 17 18 19 20 0
wuf20-0841 2843 1 2 3 4 5 -6 -7 8 9 -10 -11 12 13 14 15 16 17 18 -19 20 0
wuf20-0842 2468 1 -2 3 -4 5 6 7 -8 9 10 11 12 -13 -14 -15 16 17 18 -19 20 0
wuf20-0843 2322 1 -2 3 4 -5 -6 -7 8 9 -10 11 12 -13 14 15 16 17 18 19 20 0
wuf20-0844 3947 1 2 3 4 5 6 7 8 9 10 11 12 -13 14 15 16 17 18 19 20 0
wuf20-0845 2898 1 -2 3 4 5 -6 -7 8 9 10 11 12 -13 -14 15 16 17 18 19 20 0
wuf20-0846 3908 1 2 3 4 5 6 7 8 9 -10 11 12 13 14 15 16 17 -18 19 20 0
wuf20-0847 2824 -1 2 3 4 5 6 -7 8 9 10 11 12 -13 14 -15 16 -17 18 19 -20 0
wuf20-0848 3279 1 2 3 4 5 -6 7 -8 -9 10 -11 12 -13 14 15 16 17 18 19 20 0
wuf20-0849 3684 1 2 3 4 5 6 7 8 9 -10 11 -12 13 14 15 16 17 18 -19 20 0
wuf20-085 3484 1 2 -3 4 5 6 7 8 -9 10 11 12 13 -14 15 -16 17 18 19 20 0
wuf20-0850 2092 1 -2 -3 -4 5 -6 -7 8 9 -10 11 -12 -13 14 15 16 17 18 19 20 0
wuf20-0851 2487 1 2 3 -4 5 -6 -7 8 9 10 11 12 13 -14 15 16 -17 -18 19 -20 0
wuf20-0852 2431 1 2 3 -4 5 -6 7 8 9 -10 11 12 -13 -14 -15 16 17 18 19 -20 0
wuf20-0853 2923 1 2 -3 4 5 6 -7 -8 9 10 11 -12 13 14 -15 16 17 18 19 -20 0
wuf20-0854 2460 1 -2 3 -4 -5 6 7 8 9 -10 -11 12 -13 14 -15 16 17 18 19 20 0
wuf20-0855 3954 -1 2 -3 4 5 6 7 8 9 10 11 12 13 14 15 16 17 18 19 20 0
wuf20-0856 2148 -1 -2 3 -4 5 6 7 8 -9 10 11 12 13 14 15 16 -17 -18 19 -20 0
wuf20-0857 2564 1 -2 3 4 -5 6 -7 8 -9 10 11 12 -13 14 15 16 17 18 -19 -20 0
wuf20-0858 2955 1 -2 3 4 5 6 -7 8 -9 10 -11 12 -13 -14 15 16 17 18 19 20 0
wuf20-0859 3641 1 2 -3 -4 5 6 7 8 9 10 11 12 -13 14 15 16 17 18 -19 20 0
wuf20-086 2722 1 -2 3 -4 5 6 7 8 9 10 -11 12 13 14 15 16 -17 -18 -19 20 0
wuf20-0860 2998 1 -2 -3 4 5 6 7 8 9 10 11 12 -13 14 -15 16 -17 18 19 20 0
wuf20-0861 2339 1 -2 -3 4 5 6 7 8 -9 10 11 -12 13 14 -15 -16 17 -18 -19 20 0
wuf20-0862 2701 1 -2 3 4 5 6 7 -8 -9 -10 -11 12 13 14 15 16 17 18 19 20 0
wuf20-0863 3058 -1 2 -3 4 5 6 7 8 9 10 11 12 -13 14 15 16 17 18 19 -20 0
wuf20-0864 3898 1 2 3 4 5 6 7 8 -9 10 11 12 13 14 15 16 -17 18 19 20 0
wuf20-0865 2461 1 2 -3 4 5 6 -7 8 9 -10 -11 12 13 14 15 16 -17 18 -19 -20 0
wuf20-0866 2566 1 -2 3 4 -5 6 -7 8 9 10 11 12 -13 14 -15 -16 17 18 -19 20 0
wuf20-0867 3853 1 -2 3 4 5 6 7 8 9 10 11 12 13 14 15 16 17 -18 19 -20 0
wuf20-0868 2754 1 2 3 4 5 -6 -7 8 9 -10 11 12 13 -14 15 16 -17 18 -19 20 0
wuf20-0869 3057 1 2 -3 4 5 -6 7 8 -9 10 11 12 -13 14 15 -16 17 18 19 20 0
wuf20-087 3022 1 -2 3 -4 5 6 -7 8 -9 10 11 12 13 14 15 -16 17 18 19 20 0
wuf20-0870 3379 1 2 3 4 5 -6 7 -8 -9 10 11 12 13 14 15 16 17 -18 19 20 0
wuf20-0871 3042 1 2 -3 -4 5 6 7 8 9 10 11 -12 13 14 -15 16 17 18 -19 20 0
wuf20-0872 2198 -1 2 3 4 -5 -6 7 8 -9 10 11 -12 13 14 15 -16 17 18 -19 20 0
wuf20-0873 4269 1 2 3 4 5 6 7 8 9 10 11 12 13 14 15 16 -17 -18 19 20 0
wuf20-0874 4019 1 2 3 4 5 6 7 8 -9 10 11 -12 13 14 15 16 17 18 19 20 0
wuf20-0875 3480 -1 2 3 -4 5 6 -7 8 9 10 11 12 13 14 -15 16 17 18 19 20 0
wuf20-0876 3224 1 2 3 -4 5 6 7 8 9 -10 -11 12 13 14 15 16 17 18 19 20 0
wuf20-0877 2287 1 2 -3 -4 -5 -6 7 8 -9 10 11 12 -13 -14 15 16 17 18 19 20 0
wuf20-0878 2203 -1 -2 -3 4 -5 6 7 8 9 10 11 12 13 -14 15 16 -17 18 19 -20 0
wuf20-0879 3250 1 -2 3 -4 -5 6 7 8 9 10 11 12 13 14 -15 -16 17 18 19 20 0
wuf20-0880 2616 -1 2 -3 4 5 6 -7 8 9 10 11 12 -13 14 -15 16 17 18 -19 -20 0
wuf20-0881 2774 -1 2 3 4 5 6 7 8 -9 10 -11 -12 13 -14 -15 16 17 18 19 20 0
wuf20-0882 3982 1 2 3 4 -5 6 7 8 9 10 11 -12 13 14 15 16 17 18 19 20 0
wuf20-0883 2736 1 -2 -3 4 5 6 7 8 -9 10 -11 12 -13 14 -15 16 17 18 19 20 0
wuf20-0884 3175 1 2 -3 4 5 6 7 -8 9 -10 11 -12 13 14 15 16 17 -18 19 20 0
wuf20-0885 3296 1 2 -3 4 5 6 7 8 9 -10 11 12 13 14 15 -16 17 18 19 20 0
wuf20-0886 3693 1 2 -3 -4 5 6 7 8 9 10 11 12 13 14 -15 16 17 18 -19 20 0
wuf20-0887 2578 -1 2 -3 4 -5 6 7 -8 9 10 -11 12 13 14 15 16 17 18 -19 20 0
wuf20-0888 3534 1 2 3 -4 5 6 -7 8 9 10 11 -12 13 14 15 16 17 18 19 20 0
wuf20-0889 3146 1 -2 3 4 5 -6 -7 8 9 -10 11 12 -13 14 15 16 17 18 19 20 0
wuf20-089 2261 1 2 -3 4 5 6 7 8 -9 10 11 12 -13 -14 -15 -16 17 18 19 20 0
wuf20-0891 2684 -1 -2 -3 4 5 6 7 -8 9 10 11 12 13 14 15 16 17 18 19 -20 0
wuf20-0892 2809 1 2 -3 4 5 6 7 8 9 10 11 12 13 -14 15 -16 17 -18 -19 -20 0
wuf20-0893 2779 1 2 3 4 -5 6 7 8 9 -10 11 12 13 14 -15 16 -17 -18 19 -20 0
wuf20-0894 3616 1 2 3 4 5 6 -7 8 9 10 11 12 -13 14 15 -16 17 18 -19 20 0
wuf20-0895 2651 1 2 -3 4 5 6 -7 8 -9 10 -11 -12 -13 14 15 16 17 18 19 -20 0
wuf20-0896 2898 -1 -2 3 -4 5 6 7 8 9 10 11 12 -13 14 15 -16 17 -18 -19 20 0
wuf20-0897 2990 1 2 3 4 5 -6 -7 8 -9 10 11 12 13 14 15 -16 17 18 19 -20 0
wuf20-0898 2551 -1 -2 -3 4 -5 6 7 8 -9 -10 11 12 13 -14 15 16 17 18 19 20 0
wuf20-0899 3750 1 2 3 -4 5 6 7 8 9 10 -11 12 13 14 15 -16 17 18 19 20 0
wuf20-09 3429 -1 2 3 4 5 6 7 -8 9 10 11 12 13 14 -15 16 17 -18 19 20 0
wuf20-090 3863 1 2 3 4 5 6 7 8 -9 10 11 12 13 14 15 16 17 18 19 20 0
wuf20-0900 3112 1 -2 3 4 5 -6 -7 8 9 10 11 12 13 14 -15 16 17 18 -19 20 0
wuf20-0901 3527 1 2 3 -4 -5 6 -7 8 9 10 -11 12 13 14 15 16 17 18 19 20 0
wuf20-0902 3184 1 2 3 4 5 -6 7 8 9 -10 11 12 13 14 15 16 17 -18 -19 -20 0
wuf20-0903 3052 1 -2 3 4 5 -6 7 8 9 10 11 12 13 -14 -15 16 -17 18 19 20 0
wuf20-0904 2713 1 -2 3 4 5 6 -7 8 9 10 -11 12 13 14 15 16 -17 18 19 -20 0
wuf20-0905 2531 1 -2 3 -4 5 -6 7 -8 9 -10 11 12 13 14 15 -16 17 18 19 20 0
wuf20-0906 2868 -1 -2 3 4 5 6 7 8 -9 10 11 12 13 -14 15 -16 17 18 19 20 0
wuf20-0907 2046 -1 2 3 -4 5 6 7 -8 -9 10 11 12 -13 14 -15 16 -17 18 -19 20 0
wuf20-091 3367 -1 2 3 4 5 6 -7 8 9 10 -11 12 13 14 15 16 17 18 19 -20 0
wuf20-0910 3016 1 -2 3 -4 5 -6 7 8 9 10 11 12 13 14 15 -16 17 18 -19 20 0
wuf20-0911 3024 -1 2 -3 -4 5 6 7 8 9 10 11 12 13 14 15 16 17 -18 19 20 0
wuf20-0912 2608 1 -2 3 4 -5 6 -7 8 9 10 11 12 -13 14 15 -16 -17 18 19 -20 0
wuf20-0913 3129 1 2 3 4 5 -6 7 8 9 10 11 12 -13 14 15 16 -17 18 19 -20 0
wuf20-0914 2949 1 -2 3 4 5 -6 7 -8 9 -10 -11 12 13 14 15 16 17 -18 19 20 0
wuf20-0915 2754 -1 2 -3 4 5 -6 7 8 -9 10 11 12 -13 14 15 16 17 18 19 -20 0
wuf20-0916 3657 1 2 -3 4 5 -6 7 8 -9 10 11 12 13 14 15 16 17 18 19 20 0
wuf20-0917 2218 1 2 -3 4 -5 -6 7 8 9 10 11 -12 13 -14 15 16 17 18 19 -20 0
wuf20-0918 3297 1 2 -3 -4 -5 6 -7 8 9 10 11 12 13 -14 15 16 17 18 19 20 0
wuf20-0919 3397 1 2 3 4 5 6 7 -8 9 10 11 12 13 14 -15 -16 17 -18 19 20 0
wuf20-092 4206 1 2 3 4 5 6 7 8 9 -10 11 12 13 14 15 16 17 18 19 20 0
wuf20-0920 3958 1 2 3 4 5 6 7 8 -9 10 11 12 13 14 -15 16 17 18 19 20 0
wuf20-0921 3384 1 -2 3 -4 5 -6 7 8 9 10 11 12 13 14 15 16 -17 18 19 20 0
wuf20-0922 3436 1 -2 -3 4 5 6 7 8 9 10 11 -12 13 14 15 16 17 18 19 20 0
wuf20-0923 3484 1 2 3 -4 -5 -6 7 8 9 10 11 12 13 -14 15 16 17 18 19 20 0
wuf20-0924 3068 1 2 3 4 5 6 7 8 9 -10 -11 12 -13 14 15 16 17 -18 -19 20 0
wuf20-0925 2647 -1 2 3 4 5 6 -7 8 9 10 11 -12 -13 14 15 16 17 18 19 -20 0
wuf20-0926 3563 1 2 -3 4 5 6 7 8 9 10 11 12 13 14 15 -16 -17 18 19 20 0
wuf20-0927 2857 -1 -2 3 4 5 6 7 8 9 10 -11 12 -13 -14 15 16 17 18 19 -20 0
wuf20-0928 3011 1 -2 -3 4 5 -6 7 8 9 10 11 12 13 14 15 -16 17 18 19 20 0
wuf20-0929 2795 1 2 -3 4 5 6 7 -8 9 -10 11 12 -13 -14 15 16 17 18 19 -20 0
wuf20-093 2432 -1 -2 3 -4 5 6 7 -8 9 -10 -11 12 13 14 15 16 17 -18 19 20 0
wuf20-0930 2708 1 2 -3 4 5 -6 7 8 9 10 11 -12 -13 14 -15 16 17 18 -19 20 0
wuf20-0931 3130 1 2 3 4 -5 6 7 -8 9 10 11 12 13 -14 -15 16 -17 18 19 20 0
wuf20-0932 3387 1 2 3 4 5 -6 7 8 -9 -10 11 12 13 14 -15 16 17 18 19 20 0
wuf20-0933 2637 1 2 -3 -4 -5 6 -7 8 -9 -10 11 12 13 14 15 16 17 18 19 -20 0
wuf20-0934 3514 1 2 3 4 5 -6 7 8 9 -10 11 -12 13 14 15 16 17 18 19 -20 0
wuf20-0935 3618 1 2 3 4 5 6 7 8 9 10 -11 12 13 14 15 16 -17 18 19 20 0
wuf20-0936 2821 1 -2 3 4 5 6 7 8 9 10 11 12 -13 14 15 16 17 -18 19 -20 0
wuf20-0937 2470 1 2 -3 -4 5 -6 7 8 -9 10 -11 12 -13 14 15 16 17 18 -19 20 0
wuf20-0938 2936 -1 2 -3 4 -5 6 7 8 9 10 -11 12 13 14 15 16 -17 18 -19 20 0
wuf20-0939 2467 -1 2 3 4 5 6 7 8 -9 10 11 -12 -13 14 -15 16 -17 18 -19 20 0
wuf20-094 3046 1 2 3 -4 5 6 -7 8 9 10 11 12 13 -14 -15 16 17 -18 19 -20 0
wuf20-0940 3064 -1 2 3 4 5 6 7 -8 9 10 -11 12 -13 14 15 16 17 -18 19 20 0
wuf20-0941 2237 -1 2 3 -4 -5 -6 -7 8 9 10 11 -12 13 14 15 16 17 -18 -19 20 0
wuf20-0942 2735 1 2 -3 4 5 -6 7 8 9 -10 11 12 13 -14 15 -16 17 18 19 20 0
wuf20-0943 3232 -1 2 3 4 5 -6 7 8 -9 -10 11 12 13 14 15 16 17 18 19 20 0
wuf20-0944 3165 1 2 -3 4 5 6 7 8 9 10 11 12 13 -14 15 16 17 -18 19 20 0
wuf20-0945 2890 1 2 3 4 -5 6 7 8 9 10 11 12 -13 14 15 -16 -17 18 19 -20 0
wuf20-0946 3023 1 -2 3 -4 5 6 7 -8 9 -10 11 12 13 14 -15 16 17 18 19 20 0
wuf20-0947 2772 -1 -2 -3 4 -5 -6 7 8 9 10 11 -12 13 14 15 16 17 18 19 20 0
wuf20-0948 3812 1 2 3 4 5 -6 7 8 -9 10 11 12 -13 14 15 16 17 18 19 20 0
wuf20-0949 2877 1 2 -3 4 -5 6 -7 -8 9 10 11 12 13 -14 15 16 17 -18 19 20 0
wuf20-095 3391 1 2 3 4 5 -6 -7 8 -9 10 11 12 13 14 15 16 17 18 -19 20 0
wuf20-0950 3002 1 -2 3 4 -5 6 7 8 -9 10 11 12 13 14 -15 -16 17 -18 19 20 0
wuf20-0951 3007 1 2 -3 4 -5 6 7 8 9 10 -11 12 13 -14 15 16 17 18 -19 20 0
wuf20-0952 2971 -1 -2 3 4 5 6 7 8 9 10 11 -12 13 -14 15 16 17 18 -19 20 0
wuf20-0953 2517 -1 -2 3 4 5 -6 7 8 9 10 -11 12 -13 -14 15 16 17 18 19 20 0
wuf20-0954 3664 1 -2 3 4 -5 6 7 -8 9 10 -11 12 13 14 15 16 17 18 19 20 0
wuf20-0955 3522 1 2 3 4 -5 6 7 8 9 10 11 -12 13 14 15 16 17 -18 19 20 0
wuf20-0956 2465 -1 2 3 -4 -5 6 7 -8 9 -10 11 -12 -13 14 -15 16 17 18 19 20 0
wuf20-0957 3490 1 -2 3 4 -5 6 7 8 9 10 11 12 13 14 15 16 17 18 -19 20 0
wuf20-0958 2597 1 2 3 4 5 6 -7 8 -9 10 -11 12 -13 -14 15 16 -17 18 -19 20 0
wuf20-0959 3502 1 2 3 4 -5 6 7 8 9 10 11 -12 13 -14 15 16 -17 18 19 20 0
wuf20-096 3386 -1 2 3 4 5 6 7 8 9 10 11 -12 13 14 -15 16 17 18 19 20 0
wuf20-0960 3231 1 2 3 4 5 6 7 8 9 10 -11 -12 13 14 15 16 -17 -18 19 -20 0
wuf20-0961 1822 1 -2 3 -4 -5 -6 7 8 9 10 11 -12 -13 -14 15 -16 17 18 -19 -20 0
wuf20-0962 2703 1 2 -3 4 -5 6 7 -8 9 -10 -11 -12 13 14 15 16 17 18 19 20 0
wuf20-0963 3019 1 -2 -3 4 5 6 7 8 9 -10 -11 -12 13 -14 15 16 17 18 19 20 0
wuf20-0964 3458 1 2 -3 4 5 6 -7 8 9 10 11 12 -13 14 15 16 17 -18 19 20 0
wuf20-0965 2798 1 2 3 4 5 6 -7 -8 9 10 11 12 13 14 15 16 -17 -18 -19 20 0
wuf20-0966 3604 -1 -2 3 4 5 6 7 8 9 10 11 12 13 14 -15 16 17 18 19 20 0
wuf20-0967 3502 1 2 3 4 5 6 -7 8 9 10 11 12 -13 14 -15 16 17 18 19 -20 0
wuf20-0968 2707 1 2 3 -4 5 6 -7 8 9 10 11 12 -13 14 -15 -16 -17 18 -19 20 0
wuf20-0969 2537 -1 2 3 4 5 6 7 8 -9 -10 11 12 -13 -14 15 -16 17 18 19 20 0
wuf20-097 2615 1 2 3 4 -5 -6 7 -8 9 10 -11 -12 13 14 -15 16 17 18 -19 20 0
wuf20-0970 2825 1 -2 3 -4 5 -6 7 8 9 10 -11 12 13 -14 15 16 -17 18 19 20 0
wuf20-0971 2440 -1 2 -3 4 5 6 -7 8 -9 10 11 12 -13 14 -15 16 17 18 -19 20 0
wuf20-0972 3437 1 2 3 -4 5 6 7 8 9 10 11 12 13 14 15 16 -17 -18 19 20 0
wuf20-0973 3335 -1 2 3 4 5 6 7 -8 9 -10 11 -12 13 14 15 16 -17 18 19 20 0
wuf20-0974 2840 1 -2 3 -4 5 6 -7 -8 9 -10 -11 12 -13 14 15 16 17 18 19 20 0
wuf20-0975 3667 1 2 3 4 5 6 -7 -8 9 10 11 12 13 14 15 16 17 -18 19 20 0
wuf20-0976 2947 1 2 3 4 5 -6 -7 8 9 -10 -11 12 13 14 15 16 17 -18 -19 20 0
wuf20-0977 3335 1 2 3 4 5 -6 7 -8 9 10 11 12 13 14 15 16 17 -18 19 20 0
wuf20-0978 4230 1 2 3 4 5 6 7 8 9 10 11 12 13 14 15 -16 17 18 19 20 0
wuf20-0979 3189 1 -2 -3 4 5 6 7 8 9 10 11 12 13 14 -15 16 17 -18 19 -20 0
wuf20-098 3163 1 2 3 -4 5 -6 7 8 9 10 -11 12 13 14 -15 16 17 18 19 20 0
wuf20-0980 2336 1 -2 3 -4 -5 6 -7 8 9 10 11 12 -13 14 -15 16 -17 18 19 20 0
wuf20-0981 2376 -1 2 3 4 -5 -6 7 8 9 10 11 12 -13 14 15 16 17 18 -19 -20 0
wuf20-0982 2471 1 -2 3 4 -5 6 -7 -8 9 -10 11 12 -13 -14 15 16 17 18 -19 20 0
wuf20-0983 2934 1 2 -3 -4 -5 6 7 -8 -9 10 11 12 13 14 15 16 17 18 19 20 0
wuf20-0984 2837 1 2 3 -4 5 6 7 8 -9 -10 -11 -12 13 -14 -15 16 17 18 19 20 0
wuf20-0985 3370 1 2 3 4 5 6 -7 8 9 10 -11 12 13 14 -15 16 17 -18 19 20 0
wuf20-0986 2164 -1 2 3 4 -5 6 -7 8 -9 10 11 -12 13 -14 15 16 -17 18 19 20 0
wuf20-0987 3724 1 2 -3 4 5 6 7 8 9 10 11 -12 13 14 15 16 17 18 -19 20 0
wuf20-0988 2609 -1 2 3 4 5 6 -7 8 -9 10 11 12 -13 -14 15 16 17 18 19 20 0
wuf20-0989 2884 -1 2 -3 4 5 6 7 8 9 10 -11 12 13 -14 15 -16 17 -18 19 20 0
wuf20-099 2270 1 2 3 -4 -5 -6 7 8 9 10 11 12 -13 14 -15 -16 17 18 -19 20 0
wuf20-0990 3078 1 -2 3 4 5 6 7 8 -9 10 11 12 13 -14 -15 16 17 -18 19 20 0
wuf20-0991 3221 1 -2 3 4 5 6 -7 8 9 10 11 12 13 14 -15 16 17 18 19 20 0
wuf20-0992 2196 1 -2 -3 4 5 6 7 -8 -9 10 11 12 -13 -14 15 16 -17 18 19 -20 0
wuf20-0993 3528 1 2 3 4 5 6 -7 8 -9 10 11 12 -13 14 -15 16 17 18 19 20 0
wuf20-0994 2741 -1 -2 3 -4 5 -6 7 8 9 10 11 12 13 -14 15 16 17 18 19 -20 0
wuf20-0995 3338 -1 2 3 4 5 6 7 8 9 10 11 -12 13 14 15 16 17 18 -19 -20 0
wuf20-0996 3213 1 2 -3 -4 5 6 7 -8 9 10 11 -12 13 14 15 16 17 18 19 20 0
wuf20-0997 3125 1 2 3 -4 5 6 7 8 9 10 11 12 13 14 15 16 -17 18 -19 -20 0
wuf20-0998 3468 1 2 3 4 -5 6 7 8 9 10 11 12 13 -14 15 16 17 18 19 20 0
wuf20-0999 3202 1 2 -3 4 5 -6 7 8 9 10 -11 12 -13 14 15 -16 17 18 19 20 0
