wuf20-01 43759 1 2 3 4 -5 6 7 8 9 10 11 12 -13 14 -15 16 17 18 19 20 0
wuf20-010 45353 -1 2 3 4 5 6 7 8 9 10 11 12 13 14 15 16 -17 -18 19 20 0
wuf20-0100 36847 1 2 3 4 5 -6 -7 8 9 -10 11 12 13 14 15 16 -17 -18 19 20 0
wuf20-01000 33166 -1 2 3 4 5 6 7 8 9 10 -11 12 13 14 -15 -16 -17 18 19 -20 0
wuf20-0101 35092 1 2 3 4 -5 6 -7 8 -9 10 11 -12 -13 14 15 16 17 18 19 20 0
wuf20-0102 26830 1 2 3 -4 -5 6 7 -8 9 10 -11 12 13 14 -15 16 17 -18 -19 -20 0
wuf20-0103 39820 -1 2 3 4 5 6 -7 8 9 10 11 12 13 -14 15 16 -17 18 19 -20 0
wuf20-0104 35449 1 2 3 4 5 -6 7 8 9 -10 11 12 13 -14 15 16 17 -18 -19 20 0
wuf20-0105 39244 -1 2 3 4 5 6 7 -8 9 10 11 12 -13 -14 15 -16 17 18 19 20 0
wuf20-0106 43807 -1 2 3 4 5 6 7 8 9 10 11 12 13 14 15 16 -17 18 -19 20 0
wuf20-0107 34799 1 2 3 4 -5 6 7 -8 9 10 -11 12 13 -14 15 -16 17 18 19 -20 0
wuf20-0108 54473 1 2 3 4 5 6 7 8 9 10 11 -12 13 14 15 16 17 18 19 20 0
wuf20-0109 24624 1 2 3 4 5 -6 7 -8 9 10 11 -12 -13 14 -15 -16 -17 -18 19 -20 0
wuf20-011 44424 1 2 3 4 5 6 -7 -8 -9 10 -11 12 13 14 15 16 17 18 19 20 0
wuf20-0110 34298 1 -2 3 4 5 6 7 8 9 -10 11 -12 13 14 15 16 17 18 19 -20 0
wuf20-0111 43415 1 2 3 4 5 6 7 8 9 -10 -11 12 -13 14 15 16 17 -18 19 20 0
wuf20-0112 43249 -1 2 3 4 5 6 7 8 -9 10 11 12 13 14 15 16 17 18 -19 20 0
wuf20-0113 37587 1 -2 3 4 -5 6 7 8 9 10 11 -12 -13 14 15 16 17 18 19 -20 0
wuf20-0114 46005 1 2 3 4 5 6 7 -8 9 -10 11 12 13 14 15 16 17 -18 19 20 0
wuf20-0115 32193 1 -2 3 4 5 -6 -7 -8 9 10 11 12 13 14 -15 16 17 18 -19 20 0
wuf20-0116 35791 1 2 3 4 -5 6 7 8 9 -10 11 12 13 14 -15 16 17 -18 -19 -20 0
wuf20-0117 37043 -1 -2 -3 4 5 6 7 8 -9 10 11 12 13 14 15 16 17 18 19 -20 0
wuf20-0118 38179 1 -2 -3 4 5 -6 7 8 -9 10 11 -12 13 14 15 16 17 18 19 20 0
wuf20-0119 43583 1 2 3 4 5 6 7 8 -9 10 11 -12 13 14 15 16 17 -18 19 -20 0
wuf20-012 31063 1 -2 3 -4 -5 6 7 8 9 -10 -11 12 13 14 15 -16 17 18 19 -20 0
wuf20-0120 37749 1 -2 3 4 5 6 7 8 9 10 11 12 -13 -14 15 16 17 18 -19 -20 0
wuf20-0121 45199 1 -2 3 4 -5 6 7 8 9 10 11 12 13 14 15 16 17 18 -19 20 0
wuf20-0122 41847 1 2 3 4 5 6 7 -8 9 10 11 12 -13 14 -15 16 17 18 19 -20 0
wuf20-0123 46234 1 2 3 4 5 -6 7 8 9 10 -11 12 13 14 15 16 17 18 -19 20 0
wuf20-0124 41627 1 2 3 4 5 6 7 8 9 10 11 12 13 14 -15 -16 17 -18 19 -20 0
wuf20-0125 50452 1 2 3 4 5 6 7 8 -9 10 11 12 13 14 -15 16 17 18 19 20 0
wuf20-0126 46997 1 2 3 4 5 6 7 8 9 10 11 12 -13 14 15 -16 17 18 -19 20 0
wuf20-0127 32610 1 2 3 -4 -5 6 -7 8 9 10 11 12 13 14 15 16 -17 -18 -19 20 0
wuf20-0128 38513 1 -2 3 4 5 6 7 8 9 10 11 12 -13 14 15 -16 -17 18 19 -20 0
wuf20-0129 25325 1 -2 3 4 5 6 7 8 9 10 -11 12 -13 14 -15 -16 17 -18 19 20 0
wuf20-013 32193 1 2 3 4 5 6 7 8 9 -10 -11 12 -13 14 15 -16 17 -18 -19 20 0
wuf20-0130 29411 -1 -2 3 4 5 -6 7 8 9 10 11 12 13 -14 -15 16 -17 18 19 -20 0
wuf20-0131 46539 1 2 3 4 5 -6 7 -8 9 10 -11 12 13 14 15 16 17 18 19 20 0
wuf20-0132 35811 1 2 3 4 5 6 7 8 -9 10 -11 12 -13 14 -15 -16 17 18 19 20 0
wuf20-0133 50780 1 -2 3 4 5 6 7 -8 9 10 11 12 13 14 15 16 17 18 19 20 0
wuf20-0134 36556 1 2 -3 -4 5 6 7 8 9 10 11 12 13 14 -15 -16 17 18 -19 20 0
wuf20-0135 32081 1 2 3 4 -5 6 7 -8 -9 10 -11 12 13 -14 -15 16 -17 18 19 20 0
wuf20-0136 47012 1 2 3 -4 5 6 7 -8 9 10 11 12 13 14 15 16 17 -18 19 20 0
wuf20-0137 23587 -1 2 -3 4 -5 6 -7 8 9 -10 -11 -12 13 14 -15 16 17 18 19 -20 0
wuf20-0138 36319 -1 -2 -3 4 5 6 7 8 9 10 -11 12 13 -14 15 16 17 18 -19 20 0
wuf20-0139 32549 -1 -2 3 -4 5 6 7 -8 9 10 11 12 13 -14 15 16 17 18 19 20 0
wuf20-014 40603 1 -2 3 4 5 6 -7 8 -9 10 11 12 13 14 15 16 17 18 19 -20 0
wuf20-0140 50971 1 2 3 -4 5 6 7 8 9 10 11 12 13 14 15 -16 17 18 19 20 0
wuf20-0141 33910 1 2 3 -4 5 6 7 -8 9 10 11 12 -13 14 15 16 17 -18 -19 20 0
wuf20-0142 37475 1 2 3 -4 -5 -6 7 8 -9 -10 11 12 13 14 15 16 17 18 19 20 0
wuf20-0143 43382 1 2 3 4 5 6 7 8 -9 10 11 12 13 14 15 16 17 18 19 -20 0
wuf20-0144 26616 -1 -2 3 -4 5 6 7 -8 9 10 -11 12 13 -14 -15 16 17 18 -19 20 0
wuf20-0145 35837 1 2 3 -4 5 6 -7 8 9 10 -11 12 13 -14 15 16 17 18 -19 -20 0
wuf20-0146 35716 1 2 -3 -4 5 6 7 8 -9 10 -11 12 13 -14 15 16 -17 18 19 20 0
wuf20-0147 33952 1 2 3 -4 5 -6 7 8 -9 10 11 -12 13 14 -15 16 17 18 19 -20 0
wuf20-0148 42068 1 2 -3 4 5 6 7 -8 -9 10 11 12 13 -14 15 -16 17 18 19 20 0
wuf20-0149 31208 1 2 -3 4 5 6 -7 8 9 -10 -11 12 13 14 15 16 17 18 -19 20 0
wuf20-015 29163 -1 2 3 4 5 6 7 8 9 10 11 -12 13 14 15 -16 -17 18 19 -20 0
wuf20-0150 32327 1 2 3 4 -5 -6 -7 8 -9 10 -11 12 -13 14 15 16 17 18 19 20 0
wuf20-0151 44563 1 2 -3 4 5 6 7 8 9 10 11 12 13 14 15 16 -17 18 -19 20 0
wuf20-0152 24313 1 2 -3 -4 5 6 7 -8 -9 10 -11 12 13 14 -15 16 17 -18 -19 -20 0
wuf20-0153 31951 -1 2 3 -4 5 6 7 8 9 10 -11 -12 13 14 15 -16 17 18 19 -20 0
wuf20-0154 46899 1 -2 3 4 5 6 7 8 9 10 -11 12 13 14 15 -16 17 18 19 20 0
wuf20-0155 42087 1 2 3 4 5 -6 -7 8 9 10 11 12 13 14 15 16 -17 18 -19 20 0
wuf20-0156 29148 1 2 -3 4 5 -6 7 8 9 10 11 -12 13 -14 -15 -16 17 -18 19 20 0
wuf20-0157 32026 -1 2 3 4 -5 6 7 8 9 10 11 12 -13 14 -15 16 17 -18 -19 20 0
wuf20-0158 35715 1 2 3 4 5 6 -7 8 9 10 11 12 13 -14 -15 16 17 -18 19 -20 0
wuf20-0159 40469 1 2 -3 -4 5 6 -7 8 9 10 11 -12 13 14 15 16 17 18 19 20 0
wuf20-016 40103 1 2 -3 4 5 -6 -7 8 9 10 11 12 13 14 15 -16 -17 18 19 20 0
wuf20-0160 49336 1 2 -3 4 5 6 7 8 9 10 11 12 13 14 15 16 17 18 19 20 0
wuf20-0161 40948 1 -2 -3 4 5 6 7 8 9 10 11 12 13 14 15 16 -17 18 -19 20 0
wuf20-0162 41918 1 2 -3 4 5 6 7 -8 9 10 11 12 -13 14 15 16 17 18 19 -20 0
wuf20-0163 48404 -1 2 3 4 5 6 7 8 9 -10 11 12 13 14 15 16 17 18 19 20 0
wuf20-0164 29359 1 -2 3 4 5 6 7 8 9 -10 11 12 13 -14 15 -16 -17 -18 -19 20 0
wuf20-0165 44686 1 2 3 4 5 6 -7 8 9 10 11 -12 13 14 15 16 -17 18 19 -20 0
wuf20-0166 31622 -1 2 3 4 -5 6 7 -8 9 10 11 12 -13 -14 -15 16 17 18 19 -20 0
wuf20-0167 37782 1 -2 3 4 5 6 7 8 9 10 11 12 13 14 -15 16 -17 18 -19 -20 0
wuf20-0168 36447 1 -2 3 -4 5 6 7 8 -9 10 11 12 -13 14 15 16 17 18 -19 -20 0
wuf20-0169 33476 -1 2 3 4 5 6 7 8 9 10 11 -12 13 -14 15 -16 17 18 -19 -20 0
wuf20-017 45963 1 2 3 4 5 6 7 8 9 10 11 12 -13 14 15 16 -17 18 19 20 0
wuf20-0170 40368 1 2 3 4 5 6 7 8 9 -10 11 12 13 14 -15 16 17 -18 19 -20 0
wuf20-0171 47495 1 2 3 4 5 6 7 8 9 10 11 12 13 14 15 16 -17 18 -19 20 0
wuf20-0172 34373 1 2 3 -4 -5 6 -7 -8 -9 10 11 12 13 14 15 16 -17 18 19 20 0
wuf20-0173 41384 1 -2 3 4 5 6 7 8 9 10 -11 -12 13 14 15 -16 -17 18 19 20 0
wuf20-0174 37908 1 -2 3 4 5 6 7 8 -9 10 -11 12 -13 14 -15 -16 17 18 19 20 0
wuf20-0175 37743 1 2 3 -4 -5 6 -7 8 9 10 11 12 13 14 -15 16 -17 18 19 20 0
wuf20-0176 28552 1 -2 -3 4 5 6 -7 -8 9 -10 -11 12 13 14 15 16 -17 18 19 20 0
wuf20-0177 40263 -1 2 3 4 5 6 7 8 9 10 11 12 -13 14 15 16 17 -18 -19 20 0
wuf20-0178 30947 1 -2 3 4 5 -6 7 8 9 10 11 12 -13 14 -15 -16 17 -18 19 20 0
wuf20-0179 48732 1 2 3 4 5 6 7 8 9 10 -11 12 13 -14 15 16 17 18 19 20 0
wuf20-018 37783 1 2 3 -4 5 -6 -7 8 9 10 -11 12 13 14 15 16 17 18 19 20 0
wuf20-0180 39285 1 2 3 4 -5 6 7 8 -9 10 11 12 13 -14 15 16 17 -18 -19 20 0
wuf20-0181 38749 1 2 3 4 5 6 -7 -8 9 10 -11 12 13 14 15 16 -17 -18 19 20 0
wuf20-0182 36948 -1 2 3 4 5 6 -7 -8 9 10 11 12 13 14 15 16 -17 18 19 20 0
wuf20-0183 30100 1 2 3 -4 5 6 7 8 -9 10 -11 12 -13 14 15 -16 -17 18 -19 -20 0
wuf20-0184 37309 -1 2 3 -4 5 6 7 -8 9 10 11 12 -13 14 15 16 17 -18 19 -20 0
wuf20-0185 37819 1 2 -3 4 5 6 7 8 9 -10 11 -12 -13 14 15 16 17 -18 19 20 0
wuf20-0186 38581 -1 2 3 -4 5 6 7 8 9 -10 11 12 -13 14 15 16 17 18 19 20 0
wuf20-0187 28975 -1 2 3 -4 -5 6 7 8 9 -10 11 12 -13 14 15 16 17 -18 19 20 0
wuf20-0188 32062 1 2 3 4 5 -6 -7 8 9 -10 11 12 13 14 15 -16 17 -18 -19 -20 0
wuf20-0189 34760 1 -2 3 4 -5 -6 7 -8 9 10 11 -12 13 -14 15 16 17 18 19 -20 0
wuf20-019 38324 -1 -2 3 4 5 -6 7 8 9 10 11 12 13 14 -15 -16 17 -18 19 -20 0
wuf20-0190 45692 1 2 3 4 5 6 7 8 -9 10 11 12 13 14 15 16 17 18 19 -20 0
wuf20-0191 41903 1 2 3 4 -5 6 -7 8 9 10 11 -12 13 14 15 16 17 18 19 20 0
wuf20-0192 31152 -1 2 -3 4 5 -6 7 8 9 10 -11 12 13 14 -15 16 17 18 -19 20 0
wuf20-0193 32805 1 2 3 4 -5 -6 7 8 -9 -10 11 12 -13 14 15 16 17 18 -19 20 0
wuf20-0194 41074 1 2 -3 4 5 6 7 -8 9 -10 -11 -12 13 14 15 16 17 18 19 20 0
wuf20-0195 49768 1 2 3 4 5 -6 7 8 9 10 -11 12 13 -14 15 16 17 18 19 20 0
wuf20-0196 43783 1 2 3 4 5 -6 7 -8 -9 10 11 12 13 14 15 16 -17 -18 19 20 0
wuf20-0197 35620 1 2 3 -4 -5 -6 7 8 -9 10 -11 12 13 14 15 -16 -17 18 19 20 0
wuf20-0198 42704 1 -2 3 4 5 -6 7 8 -9 10 11 12 13 -14 -15 16 17 18 19 -20 0
wuf20-0199 58917 1 2 3 -4 5 6 7 8 9 10 11 12 13 14 15 16 17 -18 19 20 0
wuf20-02 32445 1 2 3 -4 5 6 -7 8 -9 -10 -11 12 -13 14 15 16 -17 18 19 -20 0
wuf20-020 41995 1 2 3 4 5 6 7 8 -9 -10 11 -12 13 -14 15 16 17 18 -19 20 0
wuf20-0200 22096 1 2 3 -4 5 6 -7 8 -9 -10 -11 12 13 14 -15 -16 -17 -18 19 20 0
wuf20-0201 40165 1 2 3 4 5 6 7 -8 -9 10 -11 12 13 14 15 16 17 -18 -19 20 0
wuf20-0202 48196 1 2 3 4 5 6 -7 -8 9 10 11 12 13 14 -15 16 17 18 19 20 0
wuf20-0203 38199 1 -2 -3 -4 5 6 -7 8 9 10 11 12 13 14 15 -16 -17 18 19 20 0
wuf20-0204 34874 -1 2 3 4 5 6 7 -8 9 10 -11 12 13 -14 15 16 -17 -18 19 -20 0
wuf20-0205 33425 -1 2 3 4 -5 6 -7 -8 9 -10 11 12 13 14 15 16 17 18 -19 -20 0
wuf20-0206 57131 1 2 3 4 5 6 7 8 -9 10 11 12 13 14 15 -16 17 18 19 20 0
wuf20-0207 44831 1 2 3 4 5 -6 7 8 9 -10 11 12 13 14 15 -16 -17 -18 19 20 0
wuf20-0208 48129 1 2 -3 4 5 6 -7 8 9 10 11 12 13 -14 -15 16 17 18 19 20 0
wuf20-0209 56237 1 2 3 4 -5 6 7 8 9 10 11 12 -13 14 15 16 17 -18 19 20 0
wuf20-021 44090 1 2 3 -4 -5 6 7 8 9 -10 11 12 13 14 15 16 -17 18 19 -20 0
wuf20-0210 28259 1 -2 -3 4 5 6 7 8 9 10 11 12 13 14 15 -16 -17 -18 19 -20 0
wuf20-0211 45619 1 2 3 4 5 6 7 8 -9 -10 11 12 13 -14 -15 16 17 18 19 20 0
wuf20-0212 47924 1 2 3 4 -5 6 7 8 -9 10 11 12 13 14 15 16 17 18 -19 -20 0
wuf20-0213 38149 1 2 3 -4 5 6 -7 8 9 -10 11 12 13 -14 15 16 17 18 -19 -20 0
wuf20-0214 48914 1 2 3 -4 5 6 7 8 9 10 11 -12 -13 14 15 -16 17 -18 19 20 0
wuf20-0215 49825 1 2 3 4 5 -6 7 -8 -9 10 11 12 13 14 15 16 17 18 19 20 0
wuf20-0216 33363 1 -2 -3 4 -5 6 -7 8 -9 10 -11 12 -13 14 15 -16 17 18 19 20 0
wuf20-0217 50731 1 -2 -3 4 5 6 7 8 9 -10 11 12 13 14 15 16 17 18 19 20 0
wuf20-0218 35321 1 2 -3 -4 5 -6 7 8 9 10 -11 12 13 14 -15 -16 17 18 19 -20 0
wuf20-0219 42554 1 2 3 4 5 6 -7 -8 9 10 11 -12 -13 14 15 16 17 18 -19 20 0
wuf20-022 42978 -1 2 -3 4 -5 -6 7 8 9 10 11 12 13 14 -15 16 17 18 19 20 0
wuf20-0220 32617 1 -2 3 4 5 6 7 -8 -9 10 -11 -12 13 14 15 -16 17 -18 19 20 0
wuf20-0221 53639 -1 2 3 4 5 -6 7 8 9 -10 11 12 13 14 15 16 17 18 19 20 0
wuf20-0222 60050 1 2 3 4 5 6 7 8 -9 10 11 12 13 14 15 16 17 -18 19 20 0
wuf20-0223 54995 -1 2 3 4 5 6 7 8 9 -10 -11 12 13 14 15 16 17 18 19 20 0
wuf20-0224 39145 1 2 -3 -4 5 6 7 8 9 -10 11 12 13 -14 -15 -16 17 18 19 20 0
wuf20-0225 36688 1 -2 3 4 -5 6 -7 8 9 -10 11 -12 -13 14 15 16 17 18 19 20 0
wuf20-0226 41285 1 2 3 4 5 6 -7 8 9 10 -11 12 13 14 -15 16 17 -18 19 -20 0
wuf20-0227 54573 1 2 3 4 5 6 7 8 9 -10 -11 12 13 14 15 16 17 18 19 20 0
wuf20-0228 44272 1 2 3 4 5 6 -7 8 9 -10 11 12 13 -14 15 -16 17 18 19 -20 0
wuf20-0229 53689 1 2 3 4 5 6 7 8 9 10 -11 12 13 14 15 -16 -17 18 19 20 0
wuf20-023 39258 1 2 3 4 -5 6 7 8 9 10 -11 12 13 14 -15 16 -17 18 -19 -20 0
wuf20-0230 36209 1 2 -3 4 5 6 7 8 9 10 -11 -12 13 14 15 16 -17 -18 -19 20 0
wuf20-0231 30549 -1 -2 3 4 5 6 7 -8 9 -10 11 12 13 14 15 16 17 -18 -19 20 0
wuf20-0232 45027 1 2 -3 -4 5 6 7 8 9 10 -11 12 13 -14 15 -16 17 18 19 20 0
wuf20-0233 45781 1 -2 3 4 5 -6 7 8 9 -10 11 -12 13 14 15 16 17 18 19 -20 0
wuf20-0234 41197 1 -2 3 4 5 6 -7 -8 9 10 11 12 -13 14 15 16 17 18 -19 20 0
wuf20-0235 52591 1 2 3 4 5 -6 7 8 9 10 11 12 13 14 15 -16 -17 18 19 20 0
wuf20-0236 57075 1 2 3 4 -5 6 7 8 9 -10 11 12 13 14 -15 16 17 18 19 20 0
wuf20-0237 38813 1 -2 3 4 5 6 -7 8 -9 -10 11 12 13 14 15 -16 -17 18 -19 20 0
wuf20-0238 51506 1 2 3 4 -5 6 -7 8 9 10 11 12 13 -14 15 16 17 18 19 20 0
wuf20-0239 47168 1 2 3 4 5 6 7 8 -9 10 11 12 -13 14 15 16 17 18 -19 20 0
wuf20-024 33385 1 -2 3 -4 5 -6 -7 -8 9 10 11 -12 -13 14 15 -16 17 18 19 20 0
wuf20-0240 41073 1 2 3 4 5 6 -7 8 -9 10 11 -12 -13 14 -15 16 17 18 19 20 0
wuf20-0241 41830 -1 -2 3 4 5 6 -7 8 9 10 11 12 -13 14 15 16 17 18 19 20 0
wuf20-0242 44507 -1 2 3 4 -5 6 7 8 -9 10 -11 12 13 14 15 16 17 18 19 -20 0
wuf20-0243 40956 1 2 -3 -4 -5 6 -7 8 9 10 11 -12 13 14 15 16 17 -18 19 20 0
wuf20-0244 42793 -1 2 3 4 5 6 7 8 9 10 11 12 -13 14 -15 16 17 18 -19 -20 0
wuf20-0245 28596 1 2 3 -4 5 6 7 8 -9 -10 11 -12 13 14 -15 -16 -17 -18 19 -20 0
wuf20-0246 43734 -1 2 3 4 -5 6 7 8 9 10 -11 12 13 -14 -15 16 17 18 19 20 0
wuf20-0247 54072 1 2 -3 4 -5 6 7 8 9 10 11 12 13 14 15 16 17 -18 19 20 0
wuf20-0248 47137 1 2 -3 -4 -5 6 7 8 9 -10 11 12 13 14 15 16 17 18 19 20 0
wuf20-0249 44588 -1 -2 -3 4 -5 6 7 8 9 -10 11 12 13 14 15 16 17 18 19 20 0
wuf20-025 46674 1 2 3 4 5 6 7 -8 9 10 11 12 -13 14 15 -16 17 18 -19 20 0
wuf20-0250 57233 1 2 3 4 -5 6 7 8 9 10 11 12 13 14 15 16 17 18 -19 20 0
wuf20-0251 49530 1 -2 -3 4 5 6 7 8 9 10 11 12 13 -14 15 16 17 18 19 -20 0
wuf20-0252 42977 1 2 3 -4 5 6 7 8 9 10 11 12 13 -14 -15 16 -17 18 -19 20 0
wuf20-0253 49037 1 2 -3 4 5 6 -7 8 9 -10 11 12 13 14 15 -16 17 18 19 20 0
wuf20-0254 42646 1 -2 3 4 5 6 7 8 9 -10 11 12 -13 14 15 -16 -17 18 19 20 0
wuf20-0255 44315 1 -2 3 4 5 6 -7 8 -9 -10 -11 12 13 14 15 16 17 18 19 -20 0
wuf20-0256 48440 1 -2 3 4 5 6 -7 8 9 10 11 12 13 14 -15 16 17 18 19 20 0
wuf20-0257 48834 1 -2 -3 4 5 6 7 8 9 10 11 12 13 14 15 -16 17 18 -19 20 0
wuf20-0258 46325 1 -2 3 4 5 -6 7 8 9 10 11 12 13 14 -15 16 17 -18 19 20 0
wuf20-0259 47777 1 2 3 -4 5 6 7 8 9 10 11 12 13 -14 15 -16 -17 18 -19 20 0
wuf20-026 41963 1 2 3 4 5 6 7 -8 9 10 -11 -12 13 14 -15 16 17 18 -19 -20 0
wuf20-0260 40267 1 2 3 4 5 -6 7 8 9 10 11 12 13 14 15 -16 -17 -18 -19 -20 0
wuf20-0261 45552 -1 2 -3 4 5 6 7 8 9 10 -11 12 13 14 15 16 17 18 -19 20 0
wuf20-0262 42755 1 2 3 4 5 6 -7 -8 -9 10 11 12 13 -14 15 16 17 -18 -19 20 0
wuf20-0263 47249 -1 2 3 -4 5 6 -7 8 9 10 11 12 -13 14 15 16 17 18 19 20 0
wuf20-0264 39555 -1 -2 3 4 5 6 7 8 9 -10 -11 -12 13 14 -15 16 -17 18 19 20 0
wuf20-0265 57318 -1 2 3 4 5 6 7 8 9 -10 11 12 13 14 15 16 17 18 19 20 0
wuf20-0266 46954 1 2 3 4 5 6 7 8 9 -10 11 12 13 -14 15 -16 17 -18 19 20 0
wuf20-0267 44991 1 2 3 -4 5 -6 7 -8 9 -10 11 12 13 14 -15 16 17 18 19 20 0
wuf20-0268 54781 1 2 3 4 5 6 7 8 9 -10 11 12 -13 14 15 16 17 -18 19 20 0
wuf20-0269 38280 1 -2 3 4 5 6 7 8 9 10 -11 12 -13 -14 -15 16 17 18 -19 20 0
wuf20-027 49453 -1 2 3 -4 5 6 7 -8 9 10 11 12 13 -14 15 16 17 18 19 20 0
wuf20-0270 52374 -1 -2 3 4 5 6 7 8 9 -10 11 -12 13 14 15 16 17 18 19 20 0
wuf20-0271 40126 -1 -2 3 4 -5 -6 7 8 9 10 11 12 13 14 15 -16 17 18 19 20 0
wuf20-0272 37464 1 2 -3 -4 -5 -6 7 8 9 10 -11 12 -13 14 15 16 17 18 -19 20 0
wuf20-0273 43835 1 2 3 -4 5 6 7 8 9 -10 11 12 13 -14 15 -16 17 -18 19 20 0
wuf20-0274 48960 1 -2 3 -4 5 6 7 8 9 -10 11 12 13 14 15 -16 17 18 19 20 0
wuf20-0275 33365 1 -2 3 -4 5 6 -7 8 -9 10 11 12 13 14 15 16 17 18 -19 -20 0
wuf20-0276 47835 -1 -2 3 4 5 6 7 8 9 10 11 12 13 -14 15 -16 17 18 19 20 0
wuf20-0277 41366 1 2 3 4 -5 6 7 -8 -9 10 11 12 -13 -14 15 -16 17 18 19 20 0
wuf20-0278 33265 -1 -2 3 -4 -5 6 -7 8 9 10 11 12 13 -14 15 16 17 18 19 -20 0
wuf20-0279 50748 1 2 3 4 -5 6 7 -8 9 10 11 -12 13 14 15 -16 17 18 19 20 0
wuf20-028 35928 1 2 -3 4 5 6 -7 8 9 10 -11 12 13 -14 -15 -16 17 -18 19 20 0
wuf20-0280 47811 1 2 3 -4 5 6 7 8 -9 10 -11 12 13 -14 15 16 17 18 19 20 0
wuf20-0281 48533 1 2 3 4 -5 6 7 8 9 10 11 -12 13 14 15 16 17 18 19 -20 0
wuf20-0282 35097 -1 2 3 4 5 6 -7 8 9 -10 -11 12 13 -14 15 -16 17 18 -19 -20 0
wuf20-0283 53523 1 2 3 4 5 6 7 -8 9 10 11 12 13 14 15 16 17 18 -19 20 0
wuf20-0284 43733 1 2 -3 4 5 6 7 8 -9 -10 11 12 13 14 15 -16 17 18 19 -20 0
wuf20-0285 39577 1 -2 3 4 5 -6 7 8 9 10 11 12 -13 14 15 16 -17 -18 19 -20 0
wuf20-0286 41205 -1 -2 3 4 5 6 7 8 9 -10 11 12 -13 14 15 -16 17 -18 19 20 0
wuf20-0287 41606 -1 2 3 -4 5 6 7 8 -9 10 11 12 -13 14 -15 16 -17 18 19 20 0
wuf20-0288 42350 1 2 -3 4 -5 6 -7 8 9 -10 11 12 13 -14 15 16 17 18 19 20 0
wuf20-0289 41039 1 2 -3 4 5 -6 -7 8 -9 10 -11 12 13 14 15 16 17 18 19 20 0
wuf20-029 38361 1 2 3 4 5 -6 -7 -8 9 10 11 12 13 -14 15 16 -17 -18 19 20 0
wuf20-0290 39799 1 2 -3 4 -5 6 -7 8 9 10 11 12 -13 -14 15 16 -17 18 19 20 0
wuf20-0291 63538 1 2 3 4 5 6 7 8 9 10 11 12 -13 14 15 16 17 18 19 20 0
wuf20-0292 47790 -1 2 -3 -4 5 6 7 8 9 -10 11 12 13 14 15 16 17 18 19 20 0
wuf20-0293 50871 -1 2 -3 4 5 6 7 8 9 10 11 12 13 14 15 16 17 -18 19 20 0
wuf20-0294 52249 1 2 3 4 5 6 7 8 9 10 -11 12 -13 14 15 16 17 -18 -19 20 0
wuf20-0295 38939 1 2 3 -4 5 -6 7 -8 -9 10 11 12 13 14 15 -16 17 -18 19 -20 0
wuf20-0296 41671 -1 2 3 4 -5 6 7 -8 -9 10 11 12 13 -14 15 16 17 18 19 20 0
wuf20-0297 36402 1 2 3 4 5 -6 7 8 9 -10 11 12 -13 -14 15 -16 17 18 -19 -20 0
wuf20-0298 50324 1 2 -3 4 5 6 7 8 9 10 -11 -12 -13 14 15 16 17 18 19 20 0
wuf20-0299 33237 1 -2 3 4 -5 6 -7 -8 -9 10 -11 12 13 14 15 16 -17 18 -19 20 0
wuf20-03 44424 1 2 3 4 5 6 -7 8 9 10 11 -12 13 14 15 -16 17 -18 19 20 0
wuf20-030 49820 1 2 3 4 -5 6 7 8 9 -10 11 -12 13 14 15 16 17 18 -19 20 0
wuf20-0300 45856 1 2 3 4 5 6 7 8 9 10 -11 12 13 14 15 -16 17 -18 19 -20 0
wuf20-0301 49868 1 2 -3 -4 5 6 7 -8 9 10 11 12 -13 14 15 16 17 18 19 20 0
wuf20-0302 50586 1 2 3 4 5 -6 7 8 9 10 11 12 -13 14 -15 16 17 18 19 -20 0
wuf20-0303 39506 1 -2 -3 4 5 -6 -7 -8 9 10 11 12 13 -14 15 -16 17 18 19 20 0
wuf20-0304 40640 1 -2 -3 4 -5 6 7 8 9 10 -11 12 13 14 15 16 17 18 -19 -20 0
wuf20-0305 48750 1 2 3 -4 -5 6 7 8 9 10 11 -12 13 14 15 -16 17 18 19 20 0
wuf20-0306 30417 -1 2 3 4 -5 -6 7 8 9 10 11 -12 -13 -14 -15 16 17 18 19 -20 0
wuf20-0307 49074 1 2 3 -4 5 -6 7 -8 9 10 11 12 13 14 15 16 -17 18 -19 20 0
wuf20-0308 46565 1 2 3 4 5 6 -7 -8 9 10 11 12 13 -14 15 16 -17 18 -19 20 0
wuf20-0309 38866 1 2 3 -4 5 6 7 8 9 -10 11 12 13 -14 15 16 17 -18 -19 -20 0
wuf20-031 34068 -1 -2 3 -4 5 6 7 8 9 10 11 -12 -13 14 15 16 17 18 -19 -20 0
wuf20-0310 46062 1 2 3 4 5 6 7 -8 9 -10 11 12 13 14 15 16 17 -18 -19 -20 0
wuf20-0311 50243 1 2 3 4 5 6 7 -8 9 -10 11 12 13 14 15 -16 17 -18 19 20 0
wuf20-0312 35663 1 2 3 -4 5 6 -7 8 9 10 11 -12 13 -14 -15 -16 -17 -18 19 20 0
wuf20-0313 35668 1 2 3 -4 5 -6 7 -8 -9 -10 11 -12 13 14 15 16 17 18 19 -20 0
wuf20-0314 52773 1 2 3 4 5 6 -7 8 9 10 11 -12 13 14 15 16 17 18 -19 20 0
wuf20-0315 52872 1 2 3 4 5 6 7 8 -9 -10 11 12 13 14 15 16 17 18 -19 20 0
wuf20-0316 35633 1 2 3 -4 -5 -6 -7 8 9 10 11 12 13 14 -15 16 17 -18 -19 20 0
wuf20-0317 37640 1 -2 3 -4 5 -6 7 -8 9 10 11 -12 13 14 15 -16 17 18 19 -20 0
wuf20-0318 54625 1 2 3 4 5 6 -7 8 9 10 11 12 13 14 -15 16 17 -18 19 20 0
wuf20-0319 57534 1 2 3 4 5 6 7 8 -9 10 -11 12 13 14 15 16 17 18 19 20 0
wuf20-032 48620 1 2 3 4 5 6 -7 -8 9 -10 11 12 13 14 -15 16 17 18 19 20 0
wuf20-0320 50874 1 2 -3 4 5 6 7 -8 9 10 11 -12 -13 14 15 16 17 18 19 20 0
wuf20-0321 42552 1 2 3 4 5 6 -7 -8 9 10 11 12 13 -14 15 16 -17 18 19 -20 0
wuf20-0322 49034 1 -2 3 -4 5 6 7 8 9 10 11 12 13 -14 -15 16 17 18 19 -20 0
wuf20-0323 28528 -1 -2 -3 4 5 6 -7 -8 9 10 11 12 -13 14 -15 16 17 18 -19 20 0
wuf20-0324 45603 1 2 3 4 5 -6 7 8 9 10 11 -12 13 -14 15 16 -17 18 19 -20 0
wuf20-0325 58467 1 2 -3 4 5 6 7 8 9 -10 11 12 13 14 15 16 17 18 19 20 0
wuf20-0326 38926 -1 2 3 4 5 -6 7 8 9 -10 -11 12 -13 14 -15 -16 17 18 19 20 0
wuf20-0327 43761 1 2 3 4 5 6 7 8 9 10 -11 -12 13 14 15 16 -17 18 19 20 0
wuf20-0328 41545 -1 2 3 4 5 6 -7 -8 -9 -10 11 12 13 14 15 16 17 -18 19 20 0
wuf20-0329 36268 -1 2 3 4 5 6 7 -8 9 -10 11 12 -13 14 15 16 -17 -18 19 -20 0
wuf20-0330 28071 1 2 -3 4 -5 -6 7 -8 9 10 11 12 13 14 -15 16 -17 -18 -19 20 0
wuf20-0331 41888 1 2 -3 4 5 6 7 8 9 10 11 -12 13 -14 15 -16 17 -18 19 -20 0
wuf20-0332 34866 1 -2 -3 -4 5 6 -7 -8 9 10 11 12 -13 14 15 16 -17 18 -19 20 0
wuf20-0333 50051 1 -2 3 4 5 6 7 -8 9 10 11 12 -13 14 15 16 17 18 -19 20 0
wuf20-0334 32465 -1 -2 -3 4 5 6 7 -8 9 -10 11 12 -13 14 -15 16 17 18 19 20 0
wuf20-0335 43323 -1 2 3 4 5 6 7 8 9 10 -11 -12 13 -14 15 16 17 -18 19 20 0
wuf20-0336 25927 1 -2 3 -4 -5 -6 7 -8 -9 10 -11 -12 13 -14 15 16 17 -18 19 20 0
wuf20-0337 44049 1 2 3 -4 5 6 7 8 9 -10 -11 12 13 14 15 16 17 -18 19 20 0
wuf20-0338 36297 1 2 3 4 5 -6 7 -8 9 10 11 12 -13 -14 -15 16 17 18 -19 -20 0
wuf20-0339 56979 -1 2 3 4 5 6 7 8 9 -10 11 12 13 14 15 16 17 18 19 20 0
wuf20-034 53670 1 2 3 4 5 -6 7 8 9 10 11 12 13 -14 15 16 17 18 19 -20 0
wuf20-0342 44824 1 2 -3 4 5 -6 -7 8 9 10 11 12 -13 14 -15 16 17 18 19 20 0
wuf20-0343 36990 -1 -2 -3 4 5 6 -7 8 9 -10 -11 12 13 14 15 -16 17 18 19 20 0
wuf20-0344 42314 1 2 -3 4 5 6 7 -8 9 10 11 -12 13 -14 15 -16 17 18 19 -20 0
wuf20-0345 51115 1 2 3 4 -5 -6 7 8 9 10 11 -12 13 14 -15 16 17 18 19 20 0
wuf20-0346 36961 1 2 -3 4 5 6 -7 -8 9 -10 -11 12 13 -14 15 16 17 18 -19 20 0
wuf20-0347 52489 1 2 3 4 -5 6 7 8 9 10 11 12 13 14 15 16 -17 18 -19 20 0
wuf20-0348 56989 1 2 3 4 5 6 7 8 9 10 -11 12 13 -14 15 16 17 18 19 20 0
wuf20-0349 33527 1 -2 -3 4 -5 6 -7 -8 9 10 11 12 13 -14 15 -16 -17 18 19 20 0
wuf20-035 53093 1 2 3 -4 5 6 -7 8 9 10 11 12 -13 14 -15 16 17 18 19 20 0
wuf20-0350 26770 1 -2 -3 4 -5 -6 -7 8 9 -10 -11 -12 13 14 15 -16 17 18 19 20 0
wuf20-0351 52473 1 2 3 4 5 6 7 8 9 -10 -11 12 13 14 15 16 -17 18 19 20 0
wuf20-0352 46029 1 2 3 4 5 6 -7 8 9 -10 -11 -12 13 14 15 16 17 18 19 20 0
wuf20-0353 58717 1 2 3 4 5 -6 7 8 9 10 11 12 -13 14 15 16 17 18 19 20 0
wuf20-0354 41738 -1 2 3 -4 -5 6 7 8 9 -10 11 12 -13 14 -15 16 17 18 19 20 0
wuf20-0355 57852 1 2 3 4 5 6 7 8 9 10 11 12 13 -14 15 16 17 -18 19 20 0
wuf20-0356 56798 1 2 3 4 5 6 7 8 9 10 -11 -12 13 14 15 16 17 18 -19 20 0
wuf20-0357 42640 1 2 3 4 5 -6 -7 -8 -9 10 11 12 13 14 15 -16 17 -18 19 20 0
wuf20-0358 49624 1 2 3 4 5 6 -7 -8 9 10 11 -12 13 14 -15 16 17 18 19 20 0
wuf20-0359 34291 -1 2 -3 4 5 -6 7 8 9 10 -11 12 13 -14 -15 16 -17 18 19 20 0
wuf20-036 48541 -1 2 3 4 5 6 -7 8 9 10 11 -12 13 14 15 16 17 18 19 -20 0
wuf20-0360 45550 1 2 3 4 -5 6 7 -8 9 10 11 12 -13 14 15 16 -17 -18 19 20 0
wuf20-0361 47914 1 2 3 4 5 6 7 8 9 -10 11 12 13 14 15 -16 -17 18 19 20 0
wuf20-0362 36459 1 2 3 -4 5 6 7 -8 9 10 -11 12 13 14 -15 -16 17 -18 19 20 0
wuf20-0363 52332 1 2 -3 4 5 -6 7 8 9 10 11 12 13 14 15 16 17 -18 19 20 0
wuf20-0364 44426 1 2 3 4 5 6 7 8 9 10 -11 -12 13 -14 15 16 17 -18 19 -20 0
wuf20-0365 38436 -1 2 -3 -4 5 6 7 8 -9 10 11 12 13 14 15 -16 -17 18 19 20 0
wuf20-0366 45294 1 2 3 4 -5 6 7 8 9 10 -11 -12 -13 14 15 16 17 18 19 -20 0
wuf20-0367 35797 1 -2 3 4 -5 -6 7 8 9 -10 11 12 -13 14 15 16 17 18 -19 -20 0
wuf20-0368 51688 -1 -2 3 -4 5 6 7 8 9 10 11 12 13 14 15 16 17 18 19 20 0
wuf20-0369 44706 -1 2 3 4 -5 -6 7 8 9 10 -11 12 13 14 15 16 17 18 -19 20 0
wuf20-037 45376 -1 2 -3 4 5 6 7 8 9 -10 11 12 13 14 -15 -16 17 18 19 20 0
wuf20-0370 31014 1 -2 3 4 -5 6 7 -8 9 10 -11 12 -13 14 15 16 17 18 -19 -20 0
wuf20-0371 48279 -1 2 3 4 5 6 7 -8 9 10 -11 12 13 14 15 16 -17 -18 19 20 0
wuf20-0372 41428 1 -2 -3 4 5 6 7 -8 9 -10 11 12 13 14 15 -16 17 18 19 20 0
wuf20-0373 33438 1 2 3 4 -5 -6 7 8 9 10 -11 12 13 14 -15 -16 -17 -18 19 20 0
wuf20-0374 33088 -1 -2 3 -4 5 6 7 8 -9 10 11 -12 -13 -14 -15 16 -17 18 19 20 0
wuf20-0375 32822 1 2 3 4 5 -6 7 -8 9 -10 11 12 13 -14 15 16 -17 18 -19 -20 0
wuf20-0376 45740 1 2 -3 -4 5 6 7 8 9 10 11 12 13 -14 15 16 17 -18 19 -20 0
wuf20-0377 58122 1 2 3 4 5 6 7 -8 9 10 11 12 13 14 15 16 17 18 -19 20 0
wuf20-0378 49041 1 2 3 4 5 6 7 -8 -9 10 11 12 -13 14 -15 -16 17 18 19 20 0
wuf20-0379 49115 1 2 3 4 -5 6 7 8 9 10 -11 12 13 14 -15 16 17 -18 19 20 0
wuf20-038 38287 1 2 3 4 5 -6 7 8 -9 10 -11 12 -13 14 -15 -16 17 18 19 -20 0
wuf20-0380 41858 1 2 3 4 5 6 -7 8 9 10 11 12 13 -14 15 16 -17 18 -19 -20 0
wuf20-0381 50518 1 2 -3 4 5 -6 7 8 9 10 11 12 13 14 15 16 17 -18 19 20 0
wuf20-0382 36208 -1 2 -3 4 5 6 7 -8 9 -10 -11 12 -13 14 15 16 17 18 19 20 0
wuf20-0383 36347 -1 -2 3 4 5 6 7 -8 9 -10 11 -12 13 14 15 -16 17 18 -19 20 0
wuf20-0384 43494 1 2 -3 4 5 6 7 8 9 -10 11 -12 13 14 -15 16 17 -18 19 -20 0
wuf20-0385 44661 1 -2 3 4 5 6 7 8 9 10 -11 -12 13 -14 -15 16 17 18 19 20 0
wuf20-0386 54859 1 -2 3 4 5 -6 7 8 9 10 11 12 13 14 15 16 17 -18 19 20 0
wuf20-0387 38133 -1 2 -3 4 5 6 -7 8 9 -10 11 -12 13 14 15 16 17 18 -19 20 0
wuf20-0388 44879 1 -2 3 4 5 6 -7 8 9 10 -11 12 13 14 15 -16 -17 18 19 20 0
wuf20-0389 37941 1 -2 3 4 5 6 -7 -8 -9 -10 11 12 -13 14 15 16 17 18 -19 20 0
wuf20-039 42598 -1 2 -3 -4 5 6 7 8 9 -10 -11 12 13 14 15 16 17 18 -19 20 0
wuf20-0390 50322 1 2 3 4 5 6 7 8 9 10 -11 -12 13 14 -15 16 17 18 -19 20 0
wuf20-0391 45808 1 -2 3 4 5 -6 7 -8 9 10 11 12 13 -14 -15 16 17 18 19 20 0
wuf20-0392 43016 1 2 -3 4 5 6 7 -8 9 10 11 -12 13 14 -15 -16 17 18 19 20 0
wuf20-0393 49741 1 2 3 4 5 6 7 8 9 10 11 12 13 14 15 16 -17 18 -19 -20 0
wuf20-0394 38571 1 -2 -3 4 -5 6 7 8 9 -10 11 12 13 14 15 -16 -17 18 -19 20 0
wuf20-0395 57342 1 2 3 4 5 -6 7 8 9 10 -11 12 13 14 15 16 17 18 19 20 0
wuf20-0396 36994 1 2 3 4 5 6 7 -8 9 10 11 12 -13 14 -15 16 -17 -18 19 20 0
wuf20-0397 38959 1 -2 3 -4 5 6 -7 8 9 10 11 12 -13 -14 15 -16 17 18 19 20 0
wuf20-0398 52284 1 2 3 4 -5 6 7 8 9 10 11 12 13 -14 15 -16 17 18 19 20 0
wuf20-0399 38052 1 2 -3 -4 -5 6 7 8 -9 -10 11 12 -13 14 15 16 -17 18 19 20 0
wuf20-04 105544 -1 -2 3 4 5 -6 7 8 -9 10 11 -12 13 14 -15 16 17 18 19 20 0
wuf20-040 37289 1 2 3 4 5 6 -7 -8 9 10 -11 12 -13 -14 -15 16 17 -18 19 20 0
wuf20-0400 45535 -1 2 3 4 5 6 7 -8 9 10 -11 12 13 14 15 16 17 18 -19 20 0
wuf20-0401 55724 1 2 -3 4 5 -6 7 8 9 10 11 12 13 14 15 16 17 18 19 20 0
wuf20-0402 34314 1 -2 3 -4 5 -6 7 8 9 -10 -11 12 13 14 -15 16 -17 -18 19 20 0
wuf20-0403 52479 1 2 3 4 5 -6 7 -8 9 10 11 12 13 14 15 16 17 -18 19 20 0
wuf20-0404 40105 1 -2 -3 -4 5 6 7 8 -9 10 11 12 13 14 -15 -16 17 18 19 20 0
wuf20-0405 35585 1 2 3 4 5 6 7 -8 9 10 -11 -12 13 14 15 16 17 18 19 -20 0
wuf20-0406 41124 1 2 3 -4 5 6 7 -8 9 10 -11 12 -13 14 -15 -16 17 18 19 20 0
wuf20-0407 51011 1 -2 3 4 5 6 7 8 9 10 11 12 13 -14 15 -16 17 18 19 20 0
wuf20-0408 57431 1 2 3 4 5 6 7 8 9 -10 11 -12 13 14 15 16 17 18 19 20 0
wuf20-0409 35760 1 2 3 -4 5 6 7 8 -9 -10 11 -12 -13 14 -15 -16 17 18 19 20 0
wuf20-041 53702 -1 2 -3 -4 5 6 7 8 9 10 11 12 13 14 15 16 17 18 19 20 0
wuf20-0410 49087 1 2 3 4 5 6 7 -8 9 -10 -11 12 13 14 15 16 17 -18 19 20 0
wuf20-0411 53071 1 2 3 -4 5 6 7 8 9 10 11 12 -13 -14 15 16 17 -18 19 20 0
wuf20-0412 44199 -1 2 3 4 5 -6 7 8 9 10 11 12 -13 14 15 -16 17 18 19 -20 0
wuf20-0413 61527 1 2 3 4 5 6 7 8 9 10 11 -12 13 -14 15 16 17 18 19 20 0
wuf20-0414 55729 1 2 -3 4 5 6 7 -8 9 10 11 12 13 14 15 16 -17 18 19 20 0
wuf20-0415 30653 -1 -2 3 4 5 -6 7 -8 9 10 11 12 -13 -14 15 16 -17 -18 19 20 0
wuf20-0416 55494 1 -2 3 4 5 6 7 8 9 10 -11 12 13 14 -15 16 17 18 19 20 0
wuf20-0417 49952 1 2 3 4 -5 6 7 8 9 10 -11 -12 13 14 15 16 17 18 19 20 0
wuf20-0418 53175 -1 2 3 4 5 6 7 8 9 10 -11 12 13 14 15 -16 17 18 19 20 0
wuf20-0419 35286 1 -2 3 4 -5 6 -7 8 9 10 11 -12 13 14 -15 16 -17 18 -19 20 0
wuf20-042 42581 1 2 3 4 5 6 7 8 -9 10 -11 12 13 -14 -15 16 17 -18 19 20 0
wuf20-0420 46848 1 2 -3 4 5 6 -7 8 9 10 11 -12 13 14 15 16 17 18 -19 20 0
wuf20-0421 28376 -1 2 -3 -4 5 6 -7 8 9 10 11 12 -13 -14 -15 16 17 -18 19 20 0
wuf20-0422 58426 1 2 3 4 5 6 7 8 9 10 -11 12 13 -14 15 16 17 -18 19 20 0
wuf20-0423 34457 -1 2 -3 -4 5 6 7 8 9 10 11 12 13 14 15 -16 17 -18 -19 -20 0
wuf20-0424 43711 1 2 3 4 5 6 7 8 -9 -10 11 -12 13 14 -15 16 17 18 -19 -20 0
wuf20-0425 44380 1 2 3 4 -5 6 -7 8 -9 10 11 12 13 14 15 16 17 -18 19 20 0
wuf20-0426 45563 1 -2 3 4 5 -6 7 -8 9 -10 11 12 13 -14 15 16 17 18 19 20 0
wuf20-0427 43466 1 2 3 4 5 -6 7 8 9 10 11 12 -13 14 15 16 17 -18 19 -20 0
wuf20-0428 34150 1 2 3 -4 5 -6 -7 8 9 10 11 -12 -13 -14 15 16 -17 18 19 20 0
wuf20-0429 55501 1 2 3 4 -5 -6 7 8 9 10 11 12 13 14 15 16 -17 18 19 20 0
wuf20-043 36124 -1 2 3 -4 5 6 7 8 9 10 11 12 13 -14 -15 -16 17 -18 19 -20 0
wuf20-0430 30847 1 -2 -3 4 5 6 7 8 9 10 11 12 13 -14 -15 -16 17 18 -19 20 0
wuf20-0431 48263 1 2 3 4 5 -6 7 8 -9 10 11 -12 13 14 -15 16 17 18 19 20 0
wuf20-0432 45900 1 2 3 4 -5 6 7 8 9 -10 11 12 -13 14 15 16 17 18 -19 -20 0
wuf20-0433 40550 -1 2 3 4 5 6 7 8 9 10 -11 -12 13 -14 15 -16 17 18 19 -20 0
wuf20-0434 48908 1 2 3 4 -5 6 7 8 -9 10 11 12 -13 14 15 16 17 18 -19 20 0
wuf20-0435 43172 1 2 3 4 5 6 7 -8 9 -10 11 12 13 14 15 16 -17 18 -19 -20 0
wuf20-0436 50325 -1 2 3 4 -5 6 7 8 9 10 11 12 13 -14 15 16 17 18 -19 20 0
wuf20-0437 35715 1 -2 3 4 5 6 -7 8 9 10 11 12 -13 -14 -15 16 17 18 19 -20 0
wuf20-0438 44282 -1 -2 3 4 -5 6 7 8 9 10 11 12 13 14 15 16 17 18 -19 -20 0
wuf20-0439 49462 1 2 3 -4 5 -6 7 -8 -9 10 11 12 13 14 15 16 17 18 19 20 0
wuf20-044 32876 -1 -2 3 4 5 6 7 -8 9 -10 11 12 13 14 15 -16 -17 -18 19 20 0
wuf20-0440 33314 1 2 3 -4 5 -6 7 8 -9 10 11 12 13 -14 15 -16 -17 -18 19 20 0
wuf20-0441 45683 1 2 3 4 5 6 7 8 -9 10 11 12 -13 -14 15 16 17 -18 19 20 0
wuf20-0442 31282 -1 -2 3 -4 5 6 -7 8 9 10 11 12 13 -14 15 -16 17 -18 19 -20 0
wuf20-0443 33876 1 2 -3 -4 5 -6 7 8 -9 10 -11 12 13 14 -15 -16 17 18 19 20 0
wuf20-0444 32983 -1 2 -3 4 -5 6 7 8 -9 10 -11 12 -13 14 15 -16 -17 18 19 20 0
wuf20-0445 43725 1 2 3 4 -5 -6 7 8 -9 10 11 12 -13 -14 15 16 17 18 19 20 0
wuf20-0446 41383 1 2 -3 4 5 -6 -7 8 9 10 -11 12 13 14 15 16 17 18 19 20 0
wuf20-0447 37599 1 2 3 4 -5 6 -7 8 9 10 -11 12 13 14 15 -16 17 -18 -19 20 0
wuf20-0448 58255 1 2 -3 4 5 -6 7 8 9 10 11 12 13 14 15 16 17 18 19 -20 0
wuf20-0449 47734 -1 2 3 4 5 -6 7 8 9 10 11 -12 13 -14 15 16 17 18 19 -20 0
wuf20-045 95429 1 2 -3 4 -5 6 7 8 -9 10 11 -12 -13 14 15 16 17 18 19 20 0
wuf20-0450 35219 -1 2 3 -4 -5 -6 7 -8 9 10 11 12 13 -14 15 16 17 18 -19 20 0
wuf20-0451 44521 1 -2 -3 4 5 6 7 8 9 10 11 12 -13 14 15 16 17 18 19 -20 0
wuf20-0452 40874 -1 2 3 4 5 6 7 8 9 10 11 12 13 -14 -15 -16 -17 18 19 -20 0
wuf20-0453 36052 1 2 -3 -4 5 6 -7 -8 9 10 11 12 13 14 -15 -16 17 -18 19 20 0
wuf20-0454 42174 1 2 3 -4 5 -6 7 8 -9 -10 11 12 13 14 15 16 17 18 19 20 0
wuf20-0455 45621 1 2 3 -4 5 -6 -7 8 9 10 11 -12 13 14 15 16 -17 18 19 20 0
wuf20-0456 51079 -1 2 3 4 5 6 7 8 9 -10 11 12 13 14 15 16 -17 -18 19 20 0
wuf20-0457 103432 1 2 -3 4 -5 6 7 8 9 10 11 12 -13 14 15 16 17 18 -19 20 0
wuf20-0458 94841 1 -2 -3 -4 5 -6 7 8 9 -10 11 12 13 -14 15 16 -17 18 19 20 0
wuf20-0459 78880 1 2 3 4 5 6 7 -8 -9 -10 -11 12 13 -14 -15 16 17 18 -19 -20 0
wuf20-046 107675 1 2 -3 -4 5 6 7 -8 9 10 11 12 13 14 15 -16 17 18 19 20 0
wuf20-0460 119292 1 2 3 4 5 6 7 8 -9 10 11 12 13 -14 15 -16 17 18 19 20 0
wuf20-0461 114546 1 2 -3 4 5 6 7 8 -9 -10 -11 -12 13 14 15 16 17 18 19 20 0
wuf20-0462 145199 -1 2 3 4 5 6 7 8 9 10 11 -12 13 14 15 16 17 18 19 20 0
wuf20-0463 98155 1 2 -3 -4 5 6 7 -8 9 10 11 12 13 14 15 16 17 18 -19 20 0
wuf20-0464 89071 1 2 -3 -4 5 -6 7 8 9 -10 11 12 13 14 15 -16 17 -18 19 -20 0
wuf20-0465 109609 1 2 3 4 5 6 7 -8 9 -10 -11 12 13 14 15 16 17 -18 19 -20 0
wuf20-0466 81111 1 2 -3 4 5 6 7 8 -9 10 -11 12 -13 14 15 -16 -17 18 -19 20 0
wuf20-0467 86191 1 -2 3 4 5 -6 7 8 9 -10 11 12 -13 14 -15 -16 17 -18 19 20 0
wuf20-0468 87749 1 -2 3 4 5 6 7 -8 9 -10 11 12 13 -14 15 -16 -17 -18 19 20 0
wuf20-0469 107821 1 -2 -3 4 5 6 -7 -8 9 10 -11 12 13 14 15 -16 17 18 19 20 0
wuf20-047 106615 -1 -2 3 4 -5 6 7 -8 9 -10 11 12 13 -14 15 16 17 18 19 20 0
wuf20-0470 107458 1 2 3 4 5 6 7 8 9 -10 11 12 13 14 15 -16 17 18 -19 20 0
wuf20-0471 94573 1 2 3 -4 5 6 7 -8 9 10 11 -12 13 -14 15 16 -17 18 -19 20 0
wuf20-0472 130842 -1 2 3 -4 5 6 7 8 9 10 11 12 13 14 15 16 -17 18 19 20 0
wuf20-0473 113685 1 2 3 4 5 -6 -7 8 9 10 11 12 13 14 -15 -16 17 18 19 -20 0
wuf20-0474 101821 1 -2 -3 4 -5 6 7 8 9 10 11 12 13 -14 15 16 17 -18 19 -20 0
wuf20-0475 99011 1 2 3 -4 5 -6 7 8 -9 10 11 12 13 -14 15 16 17 -18 -19 20 0
wuf20-0476 108020 1 2 -3 4 5 -6 7 -8 9 10 -11 12 13 14 -15 -16 17 18 19 20 0
wuf20-0477 116058 1 2 3 4 5 6 -7 8 9 -10 11 -12 13 14 -15 16 -17 18 19 20 0
wuf20-0478 112187 1 2 -3 -4 5 6 7 8 9 10 11 12 13 14 15 -16 -17 18 -19 20 0
wuf20-0479 96673 -1 2 3 -4 -5 6 -7 8 -9 10 11 -12 13 14 15 16 17 18 19 20 0
wuf20-048 120046 1 2 3 -4 5 6 7 8 -9 10 11 12 13 14 15 16 -17 18 19 -20 0
wuf20-0480 134973 1 2 3 4 5 6 7 8 9 -10 11 12 13 14 15 16 17 18 -19 20 0
wuf20-0481 110777 1 2 -3 4 -5 6 7 8 -9 10 -11 12 13 14 15 -16 17 18 19 20 0
wuf20-0482 95581 -1 -2 3 4 -5 6 7 8 -9 10 -11 12 13 14 -15 16 17 18 19 20 0
wuf20-0483 112826 -1 2 -3 4 5 -6 7 8 9 -10 11 12 13 14 15 16 17 18 19 20 0
wuf20-0484 98397 1 2 3 4 5 6 7 8 -9 -10 11 -12 13 14 15 16 17 -18 -19 20 0
wuf20-0485 100924 -1 2 3 -4 5 6 -7 8 9 -10 11 12 13 14 15 16 -17 18 19 20 0
wuf20-0486 74725 -1 -2 3 -4 5 6 7 -8 9 -10 11 12 13 14 15 -16 17 -18 19 20 0
wuf20-0487 127663 1 2 3 4 5 6 -7 8 9 10 11 12 13 14 15 -16 17 18 19 20 0
wuf20-0488 121771 1 2 3 4 5 6 -7 8 9 10 11 12 13 14 15 16 17 18 -19 -20 0
wuf20-0489 124382 1 2 3 4 5 6 -7 8 -9 10 11 12 13 14 -15 -16 17 18 19 20 0
wuf20-049 99383 -1 -2 -3 4 -5 6 7 8 -9 10 11 12 13 14 15 16 -17 18 -19 20 0
wuf20-0490 124338 1 -2 3 4 5 -6 7 8 9 10 11 12 13 14 -15 16 17 18 -19 20 0
wuf20-0491 123685 1 2 3 -4 5 6 7 8 9 -10 11 12 13 14 15 16 17 18 19 20 0
wuf20-0492 118398 1 2 3 4 5 6 7 -8 9 -10 11 12 -13 -14 15 16 17 18 19 20 0
wuf20-0493 110996 1 2 -3 4 5 6 7 8 9 -10 11 12 -13 14 15 16 17 -18 19 20 0
wuf20-0494 126595 1 2 -3 4 5 6 7 8 9 10 -11 -12 13 14 15 16 17 18 19 20 0
wuf20-0495 104359 1 -2 3 4 5 6 7 -8 -9 10 11 12 -13 -14 15 16 17 18 19 20 0
wuf20-0496 121724 1 2 3 4 5 -6 -7 8 9 10 -11 12 -13 14 15 16 17 18 19 20 0
wuf20-0497 83714 1 2 -3 4 -5 6 7 8 -9 -10 11 12 13 -14 15 16 17 -18 19 -20 0
wuf20-0498 116335 1 2 3 -4 5 6 7 -8 9 10 11 12 13 14 15 16 17 -18 19 -20 0
wuf20-0499 139675 1 2 3 4 5 6 7 8 -9 10 11 12 13 14 15 16 17 18 19 20 0
wuf20-05 97286 -1 2 -3 4 5 6 7 8 -9 10 -11 12 13 -14 15 16 -17 18 -19 20 0
wuf20-050 99518 -1 2 3 4 5 6 7 8 9 10 -11 12 -13 14 15 -16 -17 18 -19 20 0
wuf20-0500 85156 1 2 3 -4 -5 6 7 8 -9 10 11 12 13 -14 15 16 -17 18 -19 -20 0
wuf20-0501 113450 1 2 3 4 -5 6 -7 8 9 -10 11 12 13 14 -15 16 17 18 -19 20 0
wuf20-0502 108157 1 -2 3 4 5 6 7 8 9 10 11 -12 13 14 15 16 17 18 -19 20 0
wuf20-0503 86765 1 2 -3 4 5 6 -7 8 9 10 -11 -12 13 14 -15 -16 17 18 19 -20 0
wuf20-0504 96241 1 -2 -3 4 -5 6 7 8 9 -10 11 12 13 14 15 16 17 18 -19 20 0
wuf20-0505 101486 -1 2 3 4 5 6 -7 -8 9 10 11 12 -13 -14 15 16 -17 18 19 20 0
wuf20-0506 132924 1 2 3 4 5 6 7 8 9 -10 -11 12 13 14 15 16 17 18 19 20 0
wuf20-0507 93762 1 2 3 4 5 6 7 8 9 -10 -11 12 -13 14 15 -16 17 -18 -19 20 0
wuf20-0508 76820 -1 2 3 -4 -5 -6 -7 8 9 10 11 -12 13 -14 15 16 17 18 19 20 0
wuf20-0509 97387 -1 2 3 4 5 6 7 8 9 10 -11 12 -13 14 15 16 -17 18 19 -20 0
wuf20-051 118603 1 2 -3 4 5 6 -7 8 9 10 11 12 13 -14 15 -16 17 18 19 20 0
wuf20-0510 88059 1 2 -3 4 -5 6 7 8 -9 10 -11 12 -13 14 15 16 17 -18 19 20 0
wuf20-0511 129752 1 -2 3 4 5 6 7 8 9 10 11 -12 13 14 15 16 17 18 19 -20 0
wuf20-0512 97913 1 -2 3 4 5 6 7 -8 9 -10 11 -12 -13 14 15 16 17 18 -19 20 0
wuf20-0513 87037 1 2 3 -4 5 -6 7 8 9 -10 -11 12 -13 -14 -15 16 17 18 19 20 0
wuf20-0514 119307 1 2 3 -4 -5 6 7 8 9 -10 11 -12 13 -14 15 16 17 18 19 20 0
wuf20-0515 105418 1 2 3 4 -5 -6 7 8 9 10 -11 12 -13 14 -15 16 17 18 19 20 0
wuf20-0516 119139 1 2 3 4 5 6 7 -8 9 10 11 -12 -13 14 15 16 17 18 19 20 0
wuf20-0517 123890 1 2 3 4 -5 6 7 8 9 10 11 12 13 14 -15 16 -17 -18 19 20 0
wuf20-0518 109162 1 -2 3 4 -5 6 7 8 9 10 11 12 13 14 15 16 -17 18 -19 20 0
wuf20-0519 108937 1 -2 -3 4 -5 -6 7 8 9 10 -11 12 13 14 15 16 -17 18 19 20 0
wuf20-052 127440 -1 2 3 4 5 6 -7 8 -9 -10 11 12 13 14 15 16 17 18 19 20 0
wuf20-0520 119407 1 2 3 -4 5 6 7 -8 9 10 11 -12 13 14 15 16 17 18 19 -20 0
wuf20-0521 98495 1 2 3 -4 5 6 7 -8 -9 10 11 12 13 -14 15 -16 17 18 -19 20 0
wuf20-0522 118472 1 2 3 4 5 6 7 -8 9 -10 11 12 -13 14 15 16 17 18 19 20 0
wuf20-0523 108340 1 2 3 4 5 -6 7 -8 9 10 -11 12 -13 14 15 -16 17 18 19 20 0
wuf20-0524 118999 1 -2 3 4 -5 6 7 8 9 10 11 12 13 14 15 -16 -17 18 -19 20 0
wuf20-0525 101121 -1 2 3 4 5 6 7 8 -9 10 11 12 -13 14 -15 16 17 18 19 20 0
wuf20-0526 97025 -1 2 -3 4 5 6 7 8 -9 10 11 12 13 14 -15 16 17 18 -19 -20 0
wuf20-0527 131744 1 2 3 -4 5 6 7 8 9 -10 11 12 13 14 15 16 17 18 19 20 0
wuf20-0528 97834 -1 2 3 4 -5 6 7 8 9 10 11 12 -13 -14 15 16 -17 -18 19 20 0
wuf20-0529 117141 1 2 -3 4 5 6 7 -8 9 -10 11 12 13 14 15 -16 17 -18 19 20 0
wuf20-053 143419 1 2 3 -4 5 6 7 8 9 10 11 12 13 14 15 16 17 -18 19 20 0
wuf20-0530 112025 1 2 3 -4 5 6 7 -8 9 -10 11 12 13 14 15 16 17 -18 19 20 0
wuf20-0531 105096 1 2 3 4 -5 6 -7 8 9 10 -11 12 13 14 15 16 -17 18 19 -20 0
wuf20-0532 89801 1 2 3 -4 5 6 7 -8 9 10 11 -12 -13 14 15 16 -17 -18 -19 20 0
wuf20-0533 128258 1 2 3 4 5 6 7 8 -9 10 11 12 13 -14 15 16 17 18 19 -20 0
wuf20-0534 124638 1 -2 3 4 5 -6 7 8 9 10 11 12 13 14 15 16 17 -18 19 20 0
wuf20-0535 81998 -1 -2 3 4 5 6 7 -8 -9 10 -11 12 13 14 -15 16 17 18 19 -20 0
wuf20-0536 86268 1 -2 3 -4 5 -6 7 8 9 10 -11 12 13 14 15 16 17 -18 -19 -20 0
wuf20-0537 114624 -1 2 3 4 -5 6 7 -8 9 10 11 12 13 14 15 16 17 18 -19 20 0
wuf20-0538 102695 -1 2 3 4 5 6 7 8 9 -10 11 12 13 -14 -15 16 -17 18 19 -20 0
wuf20-0539 109003 1 2 3 -4 5 -6 7 8 9 10 11 12 13 -14 15 16 -17 18 -19 20 0
wuf20-054 91912 -1 -2 3 -4 5 6 -7 8 -9 10 11 12 13 -14 15 16 17 18 19 20 0
wuf20-0540 104245 -1 -2 3 -4 5 6 7 -8 -9 10 11 12 13 14 15 16 -17 18 19 20 0
wuf20-0541 97845 -1 2 3 4 -5 6 -7 8 9 10 -11 12 13 14 15 -16 -17 18 19 20 0
wuf20-0542 120735 1 2 3 -4 5 6 -7 8 9 10 11 -12 -13 14 15 16 17 18 19 20 0
wuf20-0543 126497 1 2 3 4 5 6 7 -8 -9 10 11 12 13 14 15 16 17 18 19 -20 0
wuf20-0544 103062 1 2 3 -4 5 6 7 8 9 10 11 12 -13 14 -15 -16 17 18 19 -20 0
wuf20-0545 123432 1 2 3 4 5 -6 7 -8 9 10 11 12 13 14 -15 16 17 18 19 -20 0
wuf20-0546 99121 -1 2 3 4 5 6 7 -8 9 10 11 12 13 -14 15 16 -17 18 19 -20 0
wuf20-0547 134308 1 2 3 4 -5 -6 7 8 9 10 11 12 13 14 15 16 17 18 19 20 0
wuf20-0548 100877 1 -2 -3 4 5 6 7 8 9 -10 -11 12 13 14 15 16 17 18 -19 20 0
wuf20-0549 95574 -1 2 3 4 -5 6 -7 8 9 -10 11 12 13 -14 15 -16 17 18 19 20 0
wuf20-055 97431 1 -2 3 4 -5 -6 -7 8 9 10 11 -12 13 14 15 16 -17 18 19 20 0
wuf20-0550 110625 1 -2 3 4 5 6 -7 8 -9 10 11 12 13 -14 15 16 -17 18 19 20 0
wuf20-0551 100937 1 -2 3 4 -5 -6 7 8 9 10 -11 12 13 14 15 16 -17 18 19 20 0
wuf20-0552 130073 1 2 3 -4 5 6 7 -8 9 10 11 -12 13 14 15 16 17 18 19 20 0
wuf20-0553 94140 1 2 3 4 -5 6 7 8 9 -10 -11 12 13 -14 15 -16 -17 18 19 -20 0
wuf20-0554 142394 1 2 3 -4 5 6 7 8 9 10 11 12 13 14 15 16 17 18 19 20 0
wuf20-0555 103306 1 2 3 -4 5 6 7 -8 -9 10 11 12 -13 14 15 16 17 18 -19 20 0
wuf20-0556 124348 1 2 3 4 5 6 7 -8 -9 10 -11 12 13 14 15 16 17 18 19 20 0
wuf20-0557 83645 1 -2 -3 -4 5 6 -7 8 -9 10 11 -12 13 14 15 16 17 18 19 -20 0
wuf20-0558 69870 1 -2 3 -4 -5 -6 7 -8 9 -10 11 12 13 14 15 16 -17 18 19 -20 0
wuf20-0559 94220 -1 2 -3 -4 5 6 7 8 -9 10 11 -12 13 -14 15 -16 17 18 19 20 0
wuf20-056 111722 -1 2 -3 4 5 -6 -7 8 9 10 11 12 13 14 15 16 17 -18 19 20 0
wuf20-0560 114457 -1 2 3 4 5 -6 7 -8 9 10 -11 12 13 14 -15 16 17 18 19 20 0
wuf20-0561 130794 -1 2 3 -4 5 6 7 8 9 10 11 -12 13 14 15 16 17 18 19 20 0
wuf20-0562 89943 -1 2 -3 -4 5 -6 -7 8 9 10 11 12 13 14 15 -16 17 18 19 -20 0
wuf20-0563 120101 1 -2 3 4 5 6 -7 8 9 10 -11 12 13 14 15 16 17 18 19 -20 0
wuf20-0564 90876 -1 2 3 4 5 -6 7 -8 9 10 -11 -12 13 14 -15 16 -17 18 19 20 0
wuf20-0565 98420 1 -2 3 4 5 -6 7 8 9 10 11 12 -13 14 -15 -16 17 18 19 20 0
wuf20-0566 89634 1 -2 3 4 -5 -6 -7 -8 9 10 -11 12 13 14 15 -16 17 18 19 20 0
wuf20-0567 92493 1 -2 3 -4 -5 6 7 8 9 10 11 12 13 14 15 -16 17 -18 19 -20 0
wuf20-0568 103690 1 -2 3 4 -5 6 -7 8 9 10 11 -12 13 14 -15 16 17 -18 19 20 0
wuf20-0569 79823 -1 2 3 4 5 -6 7 -8 9 10 11 -12 13 -14 15 16 -17 18 19 -20 0
wuf20-057 116212 1 2 3 4 -5 -6 -7 8 9 10 11 -12 13 14 -15 16 17 18 19 20 0
wuf20-0570 92971 -1 2 3 -4 5 6 7 8 9 10 -11 12 13 14 15 16 -17 18 -19 20 0
wuf20-0571 111667 1 -2 -3 -4 5 6 7 8 9 10 11 12 13 14 -15 16 -17 18 19 20 0
wuf20-0572 112933 -1 2 -3 4 5 6 7 8 9 10 -11 12 13 14 -15 16 17 18 -19 20 0
wuf20-0573 105938 -1 2 -3 -4 5 6 7 8 9 10 11 12 13 14 -15 -16 17 18 19 20 0
wuf20-0574 135275 1 2 3 4 5 6 7 8 9 10 11 12 13 14 15 16 17 -18 -19 -20 0
wuf20-0575 87737 1 -2 -3 4 -5 6 -7 8 9 10 11 12 13 14 15 16 -17 -18 -19 20 0
wuf20-0576 99520 1 2 -3 4 -5 -6 -7 8 -9 10 11 12 13 14 15 -16 17 18 19 20 0
wuf20-0577 80454 1 -2 3 4 5 -6 -7 -8 9 10 11 12 13 -14 -15 16 17 -18 19 -20 0
wuf20-0578 125200 1 2 3 4 5 6 -7 8 9 -10 -11 12 13 14 15 16 17 -18 19 20 0
wuf20-0579 133074 1 2 3 4 -5 6 7 8 9 -10 11 12 -13 14 15 16 17 18 19 20 0
wuf20-058 99534 1 2 3 -4 5 -6 7 -8 -9 10 11 12 13 14 -15 -16 17 18 19 20 0
wuf20-0580 94355 1 -2 -3 4 5 -6 7 8 9 10 11 -12 13 14 15 -16 17 18 -19 20 0
wuf20-0581 118189 -1 2 3 4 5 6 7 8 9 10 11 12 -13 14 15 -16 -17 18 19 20 0
wuf20-0582 119717 1 -2 3 4 5 -6 7 8 9 10 11 12 13 14 15 -16 -17 18 19 20 0
wuf20-0583 104596 1 2 -3 4 5 -6 7 -8 9 -10 11 12 13 -14 15 -16 17 18 19 20 0
wuf20-0584 80802 1 2 -3 -4 5 6 -7 8 9 -10 -11 -12 13 -14 15 16 17 18 19 20 0
wuf20-0585 125075 1 2 3 4 -5 6 7 8 9 10 -11 -12 13 14 15 16 17 18 19 20 0
wuf20-0586 109585 1 2 3 4 5 6 7 8 9 -10 11 -12 -13 14 15 16 -17 18 19 -20 0
wuf20-0587 75719 1 2 -3 4 5 6 -7 -8 -9 10 11 12 13 -14 15 16 -17 -18 -19 20 0
wuf20-0588 108302 1 -2 3 -4 5 6 7 8 9 10 11 -12 -13 14 15 16 17 18 19 20 0
wuf20-0589 137480 1 2 3 4 5 6 -7 8 9 10 -11 12 13 14 15 16 17 18 19 20 0
wuf20-059 126624 1 2 3 4 5 6 7 -8 9 -10 11 12 13 14 15 16 -17 18 19 -20 0
wuf20-0590 76548 -1 -2 3 -4 -5 6 -7 8 9 10 -11 12 13 14 15 16 17 -18 19 -20 0
wuf20-0591 91642 -1 2 3 -4 5 6 7 -8 -9 10 -11 12 -13 14 15 16 17 18 19 -20 0
wuf20-0592 88856 1 -2 3 -4 5 6 -7 8 9 10 11 12 13 -14 -15 16 -17 -18 19 20 0
wuf20-0593 101422 -1 2 3 4 5 6 -7 8 9 10 -11 12 13 14 -15 16 17 -18 19 20 0
wuf20-0594 119866 1 2 -3 4 5 6 7 8 9 -10 11 -12 13 14 15 16 17 18 19 -20 0
wuf20-0595 114651 -1 2 3 4 5 6 7 8 9 10 11 12 13 14 -15 16 -17 18 19 -20 0
wuf20-0596 105746 1 -2 -3 4 -5 6 -7 8 9 10 -11 12 13 14 15 16 17 18 19 20 0
wuf20-0597 107674 1 2 3 4 -5 6 7 8 9 10 -11 12 13 14 -15 -16 17 18 19 20 0
wuf20-0598 111847 1 2 3 -4 5 6 7 8 9 10 11 12 -13 14 15 16 17 -18 -19 20 0
wuf20-0599 85029 1 -2 3 -4 5 6 7 8 -9 10 11 -12 13 14 15 16 -17 18 19 -20 0
wuf20-06 142661 1 2 -3 4 5 -6 7 8 9 10 11 12 13 14 15 16 17 18 19 20 0
wuf20-060 134061 1 2 3 -4 5 6 7 8 9 -10 11 12 -13 14 15 16 17 18 19 20 0
wuf20-0600 86910 -1 -2 3 -4 5 6 7 8 9 10 11 12 -13 -14 15 16 17 -18 19 -20 0
wuf20-0601 95949 1 2 -3 -4 5 -6 7 8 9 10 -11 12 13 -14 15 -16 17 18 19 20 0
wuf20-0602 124844 -1 2 3 4 5 -6 7 8 -9 10 11 12 13 14 15 16 17 -18 19 20 0
wuf20-0603 105116 1 2 -3 4 5 6 7 8 -9 10 11 12 -13 14 -15 16 17 -18 19 20 0
wuf20-0604 125786 1 2 3 4 5 6 7 8 -9 10 11 12 -13 -14 15 16 17 18 19 20 0
wuf20-0605 94218 1 -2 3 4 -5 6 -7 8 9 -10 11 12 -13 -14 15 16 17 18 19 20 0
wuf20-0606 118462 -1 2 3 -4 5 6 7 8 9 -10 11 12 13 14 15 16 17 18 -19 20 0
wuf20-0607 126895 1 2 3 4 5 6 7 8 -9 10 11 12 13 -14 15 16 -17 18 19 20 0
wuf20-0608 97574 -1 2 3 4 5 6 7 8 -9 10 11 12 -13 14 15 16 17 -18 -19 -20 0
wuf20-0609 98680 -1 2 3 4 -5 -6 7 -8 9 10 11 12 13 14 -15 16 17 -18 19 20 0
wuf20-061 114530 1 2 3 4 5 -6 -7 8 -9 10 11 12 13 14 15 16 17 18 -19 20 0
wuf20-0610 123058 1 2 3 4 5 6 7 8 9 -10 11 12 13 -14 -15 16 17 -18 19 20 0
wuf20-0611 80163 1 2 3 4 5 6 -7 8 -9 10 11 12 -13 -14 -15 -16 17 18 -19 -20 0
wuf20-0612 85597 -1 2 3 4 -5 6 -7 8 9 10 -11 12 13 14 15 -16 17 -18 19 20 0
wuf20-0613 92972 -1 2 3 -4 5 6 7 8 9 -10 11 12 13 14 -15 16 -17 18 19 -20 0
wuf20-0614 93772 -1 -2 3 -4 5 6 7 -8 9 10 11 -12 -13 14 15 16 17 18 -19 20 0
wuf20-0615 101488 1 -2 3 4 -5 6 7 8 -9 -10 11 12 13 -14 15 16 17 18 -19 20 0
wuf20-0616 69868 1 -2 -3 4 5 -6 -7 8 9 -10 11 -12 13 -14 -15 -16 17 18 19 20 0
wuf20-0617 93185 1 -2 3 4 5 -6 7 8 9 10 -11 12 13 14 15 16 17 -18 -19 -20 0
wuf20-0618 131216 -1 2 3 4 5 6 7 8 9 10 11 12 13 14 -15 -16 17 18 19 20 0
wuf20-0619 120198 1 -2 3 4 5 6 7 8 -9 10 11 12 13 14 15 16 17 18 19 -20 0
wuf20-062 74377 1 -2 3 -4 5 6 7 8 9 -10 -11 12 13 -14 -15 16 17 18 -19 20 0
wuf20-0620 90245 1 2 3 -4 5 6 -7 8 -9 10 11 12 13 14 15 -16 -17 18 19 -20 0
wuf20-0621 114354 -1 2 3 4 -5 6 7 8 9 10 -11 12 13 14 15 16 17 18 -19 20 0
wuf20-0622 76221 -1 2 -3 4 5 6 -7 8 9 -10 11 -12 13 14 15 16 17 -18 -19 -20 0
wuf20-0623 114195 1 2 3 4 5 6 7 8 9 -10 -11 12 -13 14 15 16 17 -18 19 20 0
wuf20-0624 84756 1 2 -3 4 5 6 7 -8 -9 10 -11 12 -13 14 -15 16 17 18 -19 -20 0
wuf20-0625 101084 -1 2 3 4 -5 -6 7 8 9 10 11 12 13 -14 15 16 -17 18 -19 20 0
wuf20-0626 97061 -1 2 3 -4 -5 -6 -7 8 9 10 11 12 13 14 15 16 -17 18 19 20 0
wuf20-0627 112777 1 -2 3 4 5 6 7 8 -9 -10 11 12 13 14 -15 16 17 18 19 20 0
wuf20-0628 125614 1 2 3 4 5 6 -7 8 -9 10 11 12 13 14 15 16 17 18 19 -20 0
wuf20-0629 130888 1 2 3 4 5 6 7 8 9 10 11 -12 13 14 15 16 -17 -18 19 20 0
wuf20-063 106077 1 2 3 4 5 6 -7 -8 9 10 11 12 -13 14 -15 16 17 -18 19 20 0
wuf20-0630 108841 1 2 3 4 5 6 7 -8 9 10 -11 12 -13 14 15 -16 -17 18 19 20 0
wuf20-0631 111643 1 2 3 4 5 -6 7 8 9 10 11 -12 13 -14 15 -16 17 18 19 20 0
wuf20-0632 88445 1 2 -3 4 -5 6 -7 -8 9 -10 11 12 13 -14 15 16 17 -18 19 20 0
wuf20-0633 121779 1 2 3 4 -5 6 7 8 9 10 -11 12 -13 -14 15 16 17 18 19 20 0
wuf20-0634 93229 1 2 -3 -4 5 -6 7 -8 9 10 11 12 13 -14 15 16 17 18 -19 20 0
wuf20-0635 135460 1 2 3 4 5 6 -7 8 9 10 11 12 13 14 15 16 -17 18 19 -20 0
wuf20-0636 97977 1 2 3 4 -5 6 7 8 9 10 11 -12 -13 -14 -15 16 -17 18 19 20 0
wuf20-0637 84538 1 2 3 -4 5 6 7 -8 9 10 -11 12 13 -14 15 16 -17 18 -19 -20 0
wuf20-0638 103360 1 2 3 4 5 6 7 -8 9 10 11 12 13 14 15 16 -17 18 -19 -20 0
wuf20-0639 108216 1 2 3 4 5 6 7 8 -9 -10 11 12 13 14 15 -16 17 -18 -19 20 0
wuf20-064 100247 1 2 3 -4 5 -6 -7 8 9 10 11 12 -13 14 15 16 17 -18 19 20 0
wuf20-0640 102034 1 2 -3 -4 5 6 7 -8 9 10 -11 12 13 -14 15 16 17 18 19 20 0
wuf20-0641 109128 1 2 3 -4 5 6 7 8 9 10 -11 -12 -13 14 15 16 17 18 19 -20 0
wuf20-0642 84557 -1 2 3 -4 5 6 -7 8 -9 -10 11 12 13 -14 15 16 17 18 19 20 0
wuf20-0643 114180 1 2 3 4 5 -6 7 8 -9 10 11 -12 13 14 15 -16 17 18 19 20 0
wuf20-0644 117764 -1 2 3 4 5 -6 7 8 9 10 11 12 -13 14 15 16 17 -18 19 20 0
wuf20-0645 118143 1 2 -3 4 5 6 -7 8 9 10 -11 12 13 14 15 16 17 18 19 20 0
wuf20-0646 99608 1 -2 3 4 5 6 7 8 9 10 -11 12 -13 14 15 16 -17 18 19 -20 0
wuf20-0647 102099 1 2 -3 4 5 6 -7 8 9 10 11 12 13 14 -15 16 -17 -18 19 20 0
wuf20-0648 105656 1 2 3 -4 5 6 -7 8 9 10 11 -12 13 14 15 16 17 -18 19 20 0
wuf20-0649 97382 -1 2 3 4 5 -6 7 8 -9 -10 11 12 -13 -14 15 16 17 18 19 20 0
wuf20-065 115626 1 2 3 4 -5 6 -7 8 -9 10 11 12 13 14 15 -16 17 18 19 -20 0
wuf20-0650 92907 -1 -2 3 -4 5 6 -7 8 -9 10 11 -12 13 14 15 16 17 -18 19 20 0
wuf20-0651 122746 1 -2 3 4 5 6 7 8 9 10 -11 -12 -13 14 15 16 17 18 19 20 0
wuf20-0652 105380 -1 -2 3 4 5 6 7 8 -9 10 11 12 -13 14 -15 16 17 18 19 20 0
wuf20-0653 92944 1 2 3 -4 -5 6 7 8 9 -10 11 12 13 14 15 -16 -17 18 19 -20 0
wuf20-0654 81702 -1 2 -3 4 5 -6 7 8 -9 10 -11 12 13 -14 -15 16 17 18 19 20 0
wuf20-0655 76794 -1 2 3 4 5 6 -7 8 -9 10 11 -12 -13 14 -15 16 -17 18 19 20 0
wuf20-0656 69903 1 -2 3 -4 5 -6 7 -8 9 10 -11 -12 -13 14 -15 16 -17 18 19 20 0
wuf20-0657 97027 1 2 -3 4 -5 6 7 -8 -9 10 11 12 13 14 -15 16 17 18 -19 20 0
wuf20-0658 87032 1 -2 3 4 5 6 -7 8 -9 10 11 -12 -13 -14 15 -16 17 18 19 20 0
wuf20-0659 107633 1 2 3 4 5 6 7 8 9 10 11 -12 13 -14 -15 16 -17 -18 19 20 0
wuf20-066 125836 1 2 3 4 5 -6 7 -8 9 -10 11 12 13 14 15 16 17 -18 19 20 0
wuf20-0660 119364 1 2 -3 4 5 6 -7 8 9 10 11 -12 13 -14 15 16 17 18 19 20 0
wuf20-0661 119544 -1 2 3 -4 -5 6 7 8 9 10 11 12 13 14 15 16 17 18 -19 20 0
wuf20-0662 124607 1 2 3 4 5 6 -7 8 9 -10 -11 12 13 14 15 16 17 18 19 20 0
wuf20-0663 95203 1 -2 3 4 5 6 7 8 9 10 -11 12 -13 14 15 -16 17 18 -19 -20 0
wuf20-0664 127378 1 2 3 4 5 6 -7 8 9 10 11 12 13 -14 -15 16 17 18 19 20 0
wuf20-0665 110688 1 2 3 -4 5 6 -7 8 9 -10 11 12 -13 14 -15 16 17 18 19 20 0
wuf20-0666 93649 1 2 -3 4 5 6 7 8 -9 10 11 -12 -13 -14 15 16 17 -18 19 20 0
wuf20-0667 97123 1 2 3 -4 5 6 -7 8 9 -10 11 12 13 14 -15 -16 17 18 19 20 0
wuf20-0668 129006 1 -2 3 4 5 6 7 -8 -9 10 11 12 13 14 15 16 17 18 19 20 0
wuf20-0669 102859 1 2 3 4 5 6 7 -8 -9 10 11 -12 -13 14 15 16 -17 18 19 20 0
wuf20-067 104657 1 2 -3 -4 5 6 7 8 9 -10 11 12 -13 -14 15 16 17 18 19 20 0
wuf20-0670 94201 1 -2 3 4 5 -6 -7 8 9 10 -11 12 13 14 -15 16 17 18 19 -20 0
wuf20-0671 95914 -1 2 3 4 5 6 7 8 -9 10 -11 12 13 -14 15 16 17 -18 19 20 0
wuf20-0672 91972 1 2 3 4 5 6 7 -8 9 -10 11 -12 13 14 15 -16 -17 18 -19 20 0
wuf20-0673 62994 -1 -2 3 4 5 -6 -7 8 -9 -10 11 12 13 14 15 -16 17 -18 -19 20 0
wuf20-0674 84009 1 -2 3 -4 5 6 7 -8 -9 -10 11 -12 13 14 15 16 17 18 -19 -20 0
wuf20-0675 120666 1 2 -3 4 5 6 7 8 9 -10 -11 12 13 14 15 -16 17 18 19 20 0
wuf20-0676 94082 1 2 -3 4 5 6 7 -8 -9 10 11 12 13 -14 -15 16 17 -18 19 20 0
wuf20-0677 98790 -1 -2 3 4 5 6 7 8 9 10 11 -12 -13 14 15 16 -17 18 19 20 0
wuf20-0678 115497 -1 2 3 4 5 6 7 -8 9 10 11 12 13 -14 -15 16 17 18 19 20 0
wuf20-0679 132173 1 2 3 4 5 6 7 8 9 10 -11 12 -13 14 15 16 -17 18 19 20 0
wuf20-068 107341 1 2 3 4 5 6 7 8 9 -10 -11 12 13 14 15 -16 -17 18 19 20 0
wuf20-0680 131905 1 2 3 4 5 6 7 8 9 10 11 -12 13 14 -15 16 17 18 19 20 0
wuf20-0681 117564 1 2 3 4 5 6 -7 8 9 10 -11 -12 13 14 15 16 -17 18 19 20 0
wuf20-0682 93009 -1 2 -3 -4 -5 6 -7 8 9 10 11 -12 13 14 15 16 17 18 19 20 0
wuf20-0683 89471 1 2 -3 -4 5 -6 7 -8 9 10 11 12 13 -14 15 16 -17 18 19 -20 0
wuf20-0684 98276 -1 2 3 -4 -5 6 7 8 -9 -10 11 12 13 14 15 16 17 18 19 20 0
wuf20-0685 104602 -1 2 3 4 5 6 -7 8 9 10 11 -12 -13 14 -15 16 17 -18 19 20 0
wuf20-0686 92253 1 2 3 4 5 6 -7 8 9 -10 -11 -12 -13 14 15 -16 17 18 19 -20 0
wuf20-0687 104346 1 -2 3 4 -5 6 7 8 -9 10 11 12 13 14 -15 -16 -17 18 19 20 0
wuf20-0688 122637 1 2 -3 -4 5 6 7 8 9 10 11 12 13 14 15 16 -17 18 19 20 0
wuf20-0689 98181 1 2 3 -4 5 6 -7 8 9 10 11 12 13 14 -15 16 -17 -18 19 -20 0
wuf20-069 112057 1 2 3 4 5 6 -7 -8 9 10 11 12 13 -14 15 -16 17 18 19 -20 0
wuf20-0690 115887 1 2 3 4 5 -6 7 -8 9 10 11 12 13 14 15 -16 -17 18 19 20 0
wuf20-0691 115943 1 2 -3 4 5 6 7 8 9 10 -11 12 -13 -14 15 16 17 -18 19 20 0
wuf20-0692 132830 1 2 -3 4 5 6 7 -8 9 10 11 12 13 14 15 16 17 18 19 20 0
wuf20-0693 105512 -1 -2 -3 -4 5 6 7 8 9 10 11 -12 13 14 15 16 17 18 19 20 0
wuf20-0694 97827 1 2 -3 4 -5 6 -7 -8 9 -10 11 -12 13 14 15 16 17 18 19 20 0
wuf20-0695 135686 1 2 3 4 5 6 7 8 9 10 11 -12 13 14 15 16 -17 18 19 20 0
wuf20-0696 88871 1 2 -3 4 5 -6 7 -8 9 10 -11 12 13 -14 15 -16 -17 18 19 -20 0
wuf20-0697 113880 -1 2 -3 -4 5 6 7 8 9 10 11 12 13 14 15 16 17 18 19 -20 0
wuf20-0698 120089 1 2 3 4 5 6 7 -8 9 10 11 12 -13 14 15 16 17 -18 19 -20 0
wuf20-0699 113396 1 2 3 4 -5 -6 -7 8 -9 10 11 12 13 14 15 16 17 -18 19 20 0
wuf20-07 25703 -1 2 3 4 -5 6 7 8 9 -10 11 12 13 14 15 -16 -17 18 19 20 0
wuf20-070 108479 1 2 3 4 5 6 -7 8 9 10 11 -12 -13 14 -15 16 17 18 19 -20 0
wuf20-0700 121966 -1 2 3 4 5 6 7 8 9 10 11 12 13 14 -15 16 17 -18 19 20 0
wuf20-0701 94215 1 -2 3 4 -5 6 -7 -8 9 10 11 -12 13 14 -15 16 17 18 19 -20 0
wuf20-0702 129756 1 2 3 -4 5 6 7 -8 9 10 -11 12 13 14 15 16 17 18 19 20 0
wuf20-0703 103939 1 2 -3 4 5 6 7 -8 9 -10 -11 12 13 14 -15 16 17 18 19 20 0
wuf20-0704 84462 -1 2 3 -4 -5 6 7 -8 9 10 -11 12 13 -14 15 16 17 18 -19 20 0
wuf20-0705 136921 1 2 3 4 5 6 7 -8 9 -10 11 12 13 -14 15 16 17 18 19 20 0
wuf20-0706 110890 1 -2 -3 4 5 6 7 8 9 10 11 -12 13 -14 15 16 17 18 19 20 0
wuf20-0707 104688 1 -2 3 4 -5 6 -7 -8 9 10 11 12 -13 14 15 16 17 -18 19 20 0
wuf20-0708 109742 1 2 3 4 5 6 7 -8 9 10 11 12 13 14 -15 -16 17 18 19 -20 0
wuf20-0709 131457 1 2 3 -4 5 6 -7 8 9 10 11 -12 13 14 15 16 17 18 19 20 0
wuf20-071 89946 1 -2 -3 4 -5 6 7 -8 9 10 11 12 13 14 -15 16 -17 -18 19 20 0
wuf20-0710 92177 -1 2 3 -4 -5 6 7 8 -9 -10 11 12 13 -14 15 16 17 18 19 20 0
wuf20-0711 80538 -1 2 -3 4 -5 -6 -7 8 9 10 11 12 -13 14 15 16 17 18 19 20 0
wuf20-0712 93551 1 -2 -3 4 5 -6 7 8 -9 -10 -11 12 13 14 15 16 -17 18 19 20 0
wuf20-0713 118632 1 2 -3 4 5 6 -7 8 9 10 11 -12 13 14 15 16 17 18 19 20 0
wuf20-0714 107856 -1 2 3 4 5 -6 -7 8 9 10 11 12 13 14 -15 16 -17 18 19 20 0
wuf20-0715 93261 1 2 -3 4 5 6 -7 8 9 -10 11 -12 13 14 15 -16 17 -18 19 -20 0
wuf20-0716 107811 -1 2 -3 4 5 6 -7 8 9 10 -11 -12 13 14 15 16 17 18 -19 20 0
wuf20-0717 72006 -1 -2 -3 4 5 6 7 8 9 -10 11 12 13 -14 -15 16 17 18 -19 -20 0
wuf20-0718 89301 1 2 3 4 -5 6 7 -8 9 10 11 12 -13 -14 -15 16 -17 -18 19 20 0
wuf20-0719 108454 1 2 3 -4 5 6 7 -8 9 -10 11 12 -13 14 15 -16 17 18 19 20 0
wuf20-072 22922 1 -2 -3 4 5 6 7 -8 9 -10 11 12 -13 14 15 -16 -17 18 19 20 0
wuf20-0720 121790 1 2 3 4 5 6 7 8 9 10 11 -12 -13 14 15 16 -17 18 19 20 0
wuf20-0721 30806 1 2 3 4 -5 -6 7 8 9 -10 11 12 13 14 -15 16 17 18 19 20 0
wuf20-0722 26827 1 -2 -3 4 5 6 7 8 -9 10 11 12 -13 14 15 16 17 18 19 20 0
wuf20-0723 30319 1 -2 3 4 5 6 -7 8 9 10 11 12 13 14 15 -16 17 -18 19 20 0
wuf20-0724 36361 1 2 3 4 5 6 7 8 -9 10 11 12 13 14 15 16 17 18 19 20 0
wuf20-0725 26104 1 -2 -3 4 5 6 7 8 9 10 11 12 13 14 -15 16 17 -18 -19 20 0
wuf20-0726 26217 1 2 3 4 -5 6 7 8 9 10 11 12 -13 -14 15 -16 17 18 -19 20 0
wuf20-0727 29022 1 2 3 4 5 6 -7 8 9 10 11 12 13 -14 15 16 17 -18 19 20 0
wuf20-0728 21057 1 -2 3 4 5 6 7 8 -9 10 -11 12 -13 -14 15 -16 17 18 19 -20 0
wuf20-0729 21693 -1 -2 -3 4 5 -6 7 -8 9 10 -11 12 13 14 15 16 17 -18 19 20 0
wuf20-073 32075 1 2 -3 4 5 6 7 8 9 10 -11 12 13 -14 -15 16 17 18 19 20 0
wuf20-0730 25482 1 2 3 4 5 -6 -7 8 9 10 -11 -12 13 -14 15 16 -17 18 19 20 0
wuf20-0731 27393 -1 2 3 4 5 6 7 8 9 10 11 12 13 14 15 -16 -17 -18 19 -20 0
wuf20-0732 26326 1 2 -3 -4 5 6 -7 8 9 10 11 12 13 14 15 16 17 -18 19 -20 0
wuf20-0733 27847 1 2 3 4 5 6 7 8 9 -10 11 -12 13 14 15 16 17 -18 19 -20 0
wuf20-0734 35557 1 2 -3 4 5 6 7 8 9 10 11 12 13 14 15 16 17 18 19 20 0
wuf20-0735 23154 1 2 -3 4 -5 -6 -7 8 -9 10 11 12 13 14 15 -16 17 -18 19 20 0
wuf20-0736 24856 -1 2 3 4 5 6 7 -8 9 10 11 -12 -13 14 -15 16 -17 18 19 20 0
wuf20-0737 23101 1 2 3 -4 -5 6 7 -8 9 10 11 12 13 14 -15 16 17 -18 -19 -20 0
wuf20-0738 24847 1 2 3 -4 -5 6 7 8 -9 10 11 12 13 -14 15 -16 -17 18 19 20 0
wuf20-0739 32430 1 2 3 4 5 6 7 8 9 10 11 12 -13 14 15 16 -17 -18 19 -20 0
wuf20-074 31877 1 2 3 4 5 6 -7 8 9 10 11 12 -13 14 15 16 17 18 -19 20 0
wuf20-0740 32481 1 2 3 4 5 -6 7 8 -9 10 11 12 -13 14 15 16 17 18 19 20 0
wuf20-0741 22657 1 2 3 4 -5 6 7 8 9 10 -11 12 -13 -14 15 16 17 18 -19 20 0
wuf20-0742 29286 1 2 3 4 5 -6 7 8 9 10 11 12 -13 14 15 16 17 18 -19 20 0
wuf20-0743 22831 -1 2 -3 -4 5 -6 7 8 -9 -10 11 12 13 14 15 16 17 18 19 -20 0
wuf20-0744 27026 1 2 -3 4 5 6 7 8 9 10 11 -12 -13 14 15 -16 -17 18 19 20 0
wuf20-0745 25666 1 2 3 4 5 6 7 8 9 -10 11 -12 13 14 15 -16 -17 -18 -19 20 0
wuf20-0746 33464 1 2 3 4 5 6 7 8 9 10 -11 12 13 14 15 16 17 18 19 -20 0
wuf20-0747 28779 -1 -2 -3 4 5 6 -7 8 9 10 11 12 13 -14 15 16 17 18 19 20 0
wuf20-0748 21449 1 -2 3 4 -5 6 7 8 9 10 11 -12 13 -14 -15 16 -17 18 -19 20 0
wuf20-0749 40954 1 2 3 4 5 6 -7 8 9 10 11 12 13 14 15 16 17 18 19 20 0
wuf20-075 23868 1 -2 3 4 5 6 7 -8 9 10 11 12 13 -14 15 16 -17 -18 19 -20 0
wuf20-0750 37652 1 2 3 4 5 6 7 8 9 -10 11 -12 13 14 15 16 17 18 19 20 0
wuf20-0751 23672 -1 -2 3 4 5 6 7 8 -9 -10 11 12 -13 14 15 16 17 -18 19 20 0
wuf20-0752 24889 1 -2 3 -4 5 6 7 8 9 10 11 12 -13 -14 15 16 17 18 -19 -20 0
wuf20-0753 24518 1 2 -3 4 5 6 -7 8 9 -10 11 12 13 14 -15 16 17 18 19 -20 0
wuf20-0754 32559 1 2 3 4 5 6 7 8 9 10 -11 12 -13 14 -15 16 17 18 19 20 0
wuf20-0755 29267 1 2 3 -4 5 -6 -7 8 9 10 11 -12 13 14 15 16 17 18 19 20 0
wuf20-0756 22458 1 2 3 4 5 -6 7 8 9 -10 -11 12 -13 -14 15 -16 -17 18 19 20 0
wuf20-0757 33547 1 2 3 4 5 6 -7 8 -9 10 11 12 13 14 15 16 17 18 19 20 0
wuf20-0758 33250 1 2 3 4 5 -6 7 8 9 10 11 12 13 14 15 16 17 -18 -19 20 0
wuf20-0759 29147 1 2 3 4 5 6 -7 -8 9 10 11 12 13 14 15 16 17 -18 -19 20 0
wuf20-076 23737 1 -2 3 -4 -5 -6 7 -8 9 10 -11 12 13 14 15 16 17 18 19 -20 0
wuf20-0760 22900 1 2 3 4 5 6 -7 -8 -9 -10 -11 12 13 -14 -15 16 17 18 19 20 0
wuf20-0761 31119 1 2 3 4 5 -6 7 8 9 10 11 -12 13 14 15 16 17 18 19 20 0
wuf20-0762 26953 1 2 3 -4 5 -6 -7 8 9 10 -11 12 13 14 15 16 -17 18 19 20 0
wuf20-0763 33271 1 2 -3 4 5 6 -7 8 9 10 11 12 13 14 -15 16 17 18 19 20 0
wuf20-0764 33180 1 2 3 4 5 6 7 8 -9 10 11 12 13 14 -15 -16 17 18 19 20 0
wuf20-0765 30466 -1 -2 3 4 5 6 7 8 9 10 11 12 13 14 -15 16 17 18 19 -20 0
wuf20-0766 26587 1 2 -3 4 5 6 7 8 -9 10 11 12 -13 14 15 16 -17 -18 19 20 0
wuf20-0767 27990 1 2 3 4 5 6 7 8 -9 10 11 12 -13 14 -15 16 -17 18 19 20 0
wuf20-0768 23278 -1 2 3 -4 -5 -6 7 -8 -9 10 11 12 13 14 15 16 -17 18 19 20 0
wuf20-0769 25404 -1 2 -3 4 5 6 7 8 9 10 11 12 13 14 15 16 -17 18 -19 -20 0
wuf20-0770 30600 1 2 3 4 5 6 7 8 9 -10 11 12 13 14 15 -16 -17 18 19 20 0
wuf20-0771 26914 -1 2 3 4 5 -6 7 8 9 10 11 -12 13 14 15 16 17 18 -19 -20 0
wuf20-0772 28347 1 2 -3 4 -5 6 7 8 9 10 11 12 13 14 15 16 17 18 -19 -20 0
wuf20-0773 25808 1 -2 3 4 5 6 7 8 -9 10 -11 -12 -13 14 15 16 17 18 19 20 0
wuf20-0774 23755 1 -2 3 4 -5 -6 7 8 -9 10 11 12 13 -14 15 16 -17 18 19 20 0
wuf20-0775 18684 -1 2 -3 4 5 6 -7 -8 9 10 11 12 -13 14 -15 -16 -17 18 19 20 0
wuf20-0776 23229 1 2 -3 4 -5 6 -7 -8 -9 10 11 12 13 14 15 16 -17 18 19 20 0
wuf20-0777 27326 1 -2 3 -4 5 6 7 8 9 10 -11 -12 13 14 15 16 17 18 19 -20 0
wuf20-0778 23973 1 -2 3 4 5 -6 -7 8 -9 10 11 12 13 14 -15 16 -17 18 -19 20 0
wuf20-0779 27256 1 2 -3 4 -5 6 7 8 9 10 11 12 13 -14 15 -16 17 18 -19 20 0
wuf20-078 23863 1 2 3 4 5 -6 7 -8 9 -10 11 12 -13 14 15 -16 17 18 19 20 0
wuf20-0781 25301 1 2 3 4 -5 -6 -7 8 9 10 11 -12 13 14 15 16 17 18 19 -20 0
wuf20-0782 22705 -1 -2 3 -4 5 6 7 -8 9 10 11 12 13 14 15 16 -17 -18 -19 20 0
wuf20-0783 28728 1 2 3 4 5 6 7 8 9 10 11 -12 13 14 -15 -16 17 18 19 -20 0
wuf20-0784 23599 1 -2 -3 4 5 -6 7 8 -9 10 11 12 13 14 15 16 -17 -18 19 20 0
wuf20-0785 23443 -1 2 3 -4 -5 6 7 8 9 10 11 12 13 -14 15 16 17 -18 -19 20 0
wuf20-0786 28020 1 2 3 4 5 6 7 8 9 10 11 12 13 14 -15 -16 -17 -18 19 20 0
wuf20-0787 20502 -1 2 3 -4 -5 -6 -7 -8 9 10 11 12 13 14 15 -16 17 18 19 20 0
wuf20-0788 31726 1 2 3 4 5 6 7 8 9 10 11 -12 -13 -14 15 16 17 18 19 20 0
wuf20-0789 32882 1 2 3 4 -5 6 7 -8 9 10 11 12 -13 14 15 16 17 -18 19 20 0
wuf20-079 22197 1 -2 3 4 5 6 -7 -8 9 10 11 12 -13 -14 15 -16 17 18 -19 20 0
wuf20-0790 29666 -1 2 3 4 5 6 7 8 9 10 11 12 13 14 -15 16 -17 18 19 20 0
wuf20-0791 28543 1 2 -3 4 -5 6 -7 -8 9 10 11 12 13 -14 15 16 17 18 19 20 0
wuf20-0792 18380 1 2 -3 4 -5 6 7 8 9 -10 11 -12 13 -14 15 16 17 -18 19 -20 0
wuf20-0793 25493 1 -2 3 4 5 6 7 8 9 10 11 -12 -13 14 15 16 17 -18 -19 20 0
wuf20-0794 30742 1 2 3 4 5 6 7 8 9 10 11 12 13 14 -15 16 -17 18 -19 -20 0
wuf20-0795 23193 1 2 3 4 5 6 7 8 9 10 11 12 -13 -14 15 16 -17 18 -19 -20 0
wuf20-0796 22734 1 -2 3 -4 5 6 -7 8 9 10 11 12 -13 -14 -15 -16 17 18 19 20 0
wuf20-0797 29067 1 2 3 -4 5 -6 7 8 9 -10 11 12 -13 14 15 16 17 18 19 20 0
wuf20-0798 32706 1 2 3 4 5 6 7 -8 -9 10 11 -12 13 14 15 16 17 18 -19 20 0
wuf20-0799 28097 1 2 3 -4 5 6 -7 8 -9 10 11 12 13 14 15 16 17 18 19 -20 0
wuf20-08 26507 1 2 3 4 -5 6 7 -8 9 10 11 12 13 14 15 16 -17 -18 -19 20 0
wuf20-080 28113 1 2 3 -4 5 -6 7 8 9 -10 11 12 13 14 15 16 17 -18 19 20 0
wuf20-0800 27885 1 2 3 4 5 6 7 8 9 -10 11 -12 13 14 -15 -16 17 18 19 -20 0
wuf20-0801 33058 1 2 3 4 5 6 7 8 9 -10 11 12 -13 14 15 16 17 18 19 20 0
wuf20-0802 26852 1 -2 3 4 5 -6 7 8 9 -10 -11 12 13 14 -15 16 17 18 19 20 0
wuf20-0803 28830 -1 2 3 4 5 6 7 -8 9 10 -11 12 13 14 15 -16 17 18 19 20 0
wuf20-0804 24181 1 2 3 4 5 6 7 8 -9 10 11 12 -13 14 15 -16 17 -18 19 20 0
wuf20-0805 31686 1 2 3 4 5 6 7 8 9 10 11 12 13 14 -15 16 17 -18 19 20 0
wuf20-0806 29058 -1 2 -3 4 5 6 7 8 9 10 11 12 13 14 15 -16 17 -18 -19 20 0
wuf20-0807 25721 1 -2 3 4 5 6 7 8 -9 -10 11 12 13 14 15 16 17 18 19 -20 0
wuf20-0808 24717 1 2 -3 -4 5 -6 -7 8 9 10 11 12 13 -14 15 16 -17 18 19 20 0
wuf20-0809 24314 -1 -2 3 4 5 -6 7 8 -9 10 11 12 -13 14 -15 16 17 18 19 20 0
wuf20-081 30654 1 2 3 4 5 6 7 8 9 10 11 12 13 -14 15 16 17 18 -19 -20 0
wuf20-0810 21174 1 2 3 4 -5 6 7 8 -9 10 -11 -12 -13 14 15 -16 17 -18 19 -20 0
wuf20-0811 29184 1 2 3 4 5 6 7 8 9 10 11 -12 -13 14 15 16 17 18 -19 -20 0
wuf20-0812 27441 1 -2 -3 4 5 6 7 8 9 -10 11 12 -13 14 15 16 17 -18 19 -20 0
wuf20-0813 26844 1 2 3 4 5 -6 7 -8 9 10 11 12 -13 14 -15 16 -17 18 19 20 0
wuf20-0814 29335 1 2 3 4 5 6 7 8 9 -10 11 12 13 14 15 16 -17 -18 19 -20 0
wuf20-0815 26843 1 2 3 4 5 6 7 8 -9 -10 11 12 13 14 15 16 17 -18 19 -20 0
wuf20-0816 24782 1 -2 3 -4 5 -6 7 -8 -9 10 11 12 13 14 15 -16 17 18 19 20 0
wuf20-0817 19371 1 -2 3 -4 -5 6 7 8 9 10 11 -12 -13 -14 15 -16 -17 18 19 20 0
wuf20-0818 30277 1 -2 3 -4 -5 6 7 8 9 10 11 12 -13 14 15 16 17 18 19 20 0
wuf20-0819 29044 1 2 -3 4 5 6 7 8 9 -10 11 -12 13 14 15 16 17 18 19 20 0
wuf20-082 26917 1 2 3 4 5 -6 -7 -8 9 10 11 12 13 14 -15 16 17 18 -19 20 0
wuf20-0820 28455 1 2 3 4 5 -6 7 8 -9 -10 11 12 13 14 15 16 17 -18 19 -20 0
wuf20-0821 21126 1 2 -3 4 -5 6 7 8 -9 10 -11 12 -13 -14 15 16 17 18 19 -20 0
wuf20-0822 17520 1 2 3 -4 -5 -6 7 8 9 -10 11 12 13 14 15 -16 -17 -18 -19 20 0
wuf20-0823 25466 1 -2 3 4 -5 6 7 8 -9 10 11 12 13 -14 -15 16 17 18 -19 20 0
wuf20-0824 22060 1 -2 3 -4 5 -6 -7 -8 9 10 11 12 13 14 15 16 -17 -18 19 20 0
wuf20-0825 22113 -1 2 -3 -4 5 6 -7 -8 -9 -10 11 12 13 14 15 16 17 18 19 20 0
wuf20-0826 32310 1 -2 3 4 5 6 7 -8 9 10 11 12 13 -14 15 16 17 18 19 20 0
wuf20-0827 21817 1 -2 -3 4 5 6 7 -8 9 -10 11 -12 13 14 -15 16 17 18 19 -20 0
wuf20-0828 27415 1 -2 3 4 5 6 7 8 9 10 11 12 13 14 15 -16 17 -18 19 20 0
wuf20-0829 26674 1 2 3 4 5 6 -7 8 9 10 11 12 -13 -14 -15 16 17 18 19 20 0
wuf20-083 26588 1 2 3 4 5 -6 -7 8 9 10 11 12 13 14 -15 -16 17 18 -19 20 0
wuf20-0830 23038 1 -2 3 -4 5 6 -7 8 9 10 11 -12 -13 14 15 16 17 18 19 20 0
wuf20-0831 31078 -1 2 3 4 5 6 7 8 9 10 11 12 13 -14 15 16 17 -18 19 20 0
wuf20-0832 18219 1 2 3 -4 5 -6 -7 -8 9 -10 11 -12 -13 -14 -15 16 17 18 19 20 0
wuf20-0833 23075 -1 2 3 -4 5 6 -7 8 -9 10 -11 12 13 14 15 16 17 18 19 -20 0
wuf20-0834 20221 -1 2 -3 4 5 6 -7 8 9 10 11 -12 13 14 15 16 17 -18 -19 -20 0
wuf20-0835 30475 1 2 3 4 5 6 7 8 9 -10 11 12 13 14 15 -16 17 18 19 -20 0
wuf20-0836 29615 1 2 -3 4 5 6 7 -8 9 -10 11 12 13 -14 15 16 17 18 -19 20 0
wuf20-0837 24385 1 2 3 -4 5 -6 7 8 9 -10 11 12 13 14 -15 -16 17 18 -19 20 0
wuf20-0838 21472 -1 2 -3 4 -5 -6 7 8 9 -10 11 12 13 14 15 -16 17 18 19 20 0
wuf20-0839 26622 1 2 -3 4 -5 6 7 8 -9 10 11 12 13 -14 15 16 17 -18 -19 20 0
wuf20-084 30794 1 -2 3 4 -5 6 7 8 9 10 11 -12 13 14 15 -16 17 18 19 20 0
wuf20-0840 29074 1 2 3 4 5 -6 -7 8 9 10 11 12 13 -14 -15 16 17 18 19 20 0
wuf20-0841 24798 1 2 3 4 5 -6 -7 8 9 -10 -11 12 13 14 15 16 17 18 -19 20 0
wuf20-0842 21527 1 -2 3 -4 5 6 7 -8 9 10 11 12 -13 -14 -15 16 17 18 -19 20 0
wuf20-0843 20256 1 -2 3 4 -5 -6 -7 8 9 -10 11 12 -13 14 15 16 17 18 19 20 0
wuf20-0844 34407 1 2 3 4 5 6 7 8 9 10 11 12 -13 14 15 16 17 18 19 20 0
wuf20-0845 25285 1 -2 3 4 5 -6 -7 8 9 10 11 12 -13 -14 15 16 17 18 19 20 0
wuf20-0846 34088 1 2 3 4 5 6 7 8 9 -10 11 12 13 14 15 16 17 -18 19 20 0
wuf20-0847 24628 -1 2 3 4 5 6 -7 8 9 10 11 12 -13 14 -15 16 -17 18 19 -20 0
wuf20-0848 28610 1 2 3 4 5 -6 7 -8 -9 10 -11 12 -13 14 15 16 17 18 19 20 0
wuf20-0849 32123 1 2 3 4 5 6 7 8 9 -10 11 -12 13 14 15 16 17 18 -19 20 0
wuf20-085 30380 1 2 -3 4 5 6 7 8 -9 10 11 12 13 -14 15 -16 17 18 19 20 0
wuf20-0850 18243 1 -2 -3 -4 5 -6 -7 8 9 -10 11 -12 -13 14 15 16 17 18 19 20 0
wuf20-0851 21675 1 2 3 -4 5 -6 -7 8 9 10 11 12 13 -14 15 16 -17 -18 19 -20 0
wuf20-0852 21201 1 2 3 -4 5 -6 7 8 9 -10 11 12 -13 -14 -15 16 17 18 19 -20 0
wuf20-0853 25515 1 2 -3 4 5 6 -7 -8 9 10 11 -12 13 14 -15 16 17 18 19 -20 0
wuf20-0854 21457 1 -2 3 -4 -5 6 7 8 9 -10 -11 12 -13 14 -15 16 17 18 19 20 0
wuf20-0855 34491 -1 2 -3 4 5 6 7 8 9 10 11 12 13 14 15 16 17 18 19 20 0
wuf20-0856 18721 -1 -2 3 -4 5 6 7 8 -9 10 11 12 13 14 15 16 -17 -18 19 -20 0
wuf20-0857 22366 1 -2 3 4 -5 6 -7 8 -9 10 11 12 -13 14 15 16 17 18 -19 -20 0
wuf20-0858 25793 1 -2 3 4 5 6 -7 8 -9 10 -11 12 -13 -14 15 16 17 18 19 20 0
wuf20-0859 31753 1 2 -3 -4 5 6 7 8 9 10 11 12 -13 14 15 16 17 18 -19 20 0
wuf20-086 23736 1 -2 3 -4 5 6 7 8 9 10 -11 12 13 14 15 16 -17 -18 -19 20 0
wuf20-0860 26158 1 -2 -3 4 5 6 7 8 9 10 11 12 -13 14 -15 16 -17 18 19 20 0
wuf20-0861 20393 1 -2 -3 4 5 6 7 8 -9 10 11 -12 13 14 -15 -16 17 -18 -19 20 0
wuf20-0862 23555 1 -2 3 4 5 6 7 -8 -9 -10 -11 12 13 14 15 16 17 18 19 20 0
wuf20-0863 26659 -1 2 -3 4 5 6 7 8 9 10 11 12 -13 14 15 16 17 18 19 -20 0
wuf20-0864 33994 1 2 3 4 5 6 7 8 -9 10 11 12 13 14 15 16 -17 18 19 20 0
wuf20-0865 21460 1 2 -3 4 5 6 -7 8 9 -10 -11 12 13 14 15 16 -17 18 -19 -20 0
wuf20-0866 22371 1 -2 3 4 -5 6 -7 8 9 10 11 12 -13 14 -15 -16 17 18 -19 20 0
wuf20-0867 33600 1 -2 3 4 5 6 7 8 9 10 11 12 13 14 15 16 17 -18 19 -20 0
wuf20-0868 24027 1 2 3 4 5 -6 -7 8 9 -10 11 12 13 -14 15 16 -17 18 -19 20 0
wuf20-0869 26669 1 2 -3 4 5 -6 7 8 -9 10 11 12 -13 14 15 -16 17 18 19 20 0
wuf20-087 26374 1 -2 3 -4 5 6 -7 8 -9 10 11 12 13 14 15 -16 17 18 19 20 0
wuf20-0870 29460 1 2 3 4 5 -6 7 -8 -9 10 11 12 13 14 15 16 17 -18 19 20 0
wuf20-0871 26523 1 2 -3 -4 5 6 7 8 9 10 11 -12 13 14 -15 16 17 18 -19 20 0
wuf20-0872 19171 -1 2 3 4 -5 -6 7 8 -9 10 11 -12 13 14 15 -16 17 18 -19 20 0
wuf20-0873 37231 1 2 3 4 5 6 7 8 9 10 11 12 13 14 15 16 -17 -18 19 20 0
wuf20-0874 35058 1 2 3 4 5 6 7 8 -9 10 11 -12 13 14 15 16 17 18 19 20 0
wuf20-0875 30363 -1 2 3 -4 5 6 -7 8 9 10 11 12 13 14 -15 16 17 18 19 20 0
wuf20-0876 28104 1 2 3 -4 5 6 7 8 9 -10 -11 12 13 14 15 16 17 18 19 20 0
wuf20-0877 19954 1 2 -3 -4 -5 -6 7 8 -9 10 11 12 -13 -14 15 16 17 18 19 20 0
wuf20-0878 19212 -1 -2 -3 4 -5 6 7 8 9 10 11 12 13 -14 15 16 -17 18 19 -20 0
wuf20-0879 28347 1 -2 3 -4 -5 6 7 8 9 10 11 12 13 14 -15 -16 17 18 19 20 0
wuf20-0880 22827 -1 2 -3 4 5 6 -7 8 9 10 11 12 -13 14 -15 16 17 18 -19 -20 0
wuf20-0881 24156 -1 2 3 4 5 6 7 8 -9 10 -11 -12 13 -14 -15 16 17 18 19 20 0
wuf20-0882 34722 1 2 3 4 -5 6 7 8 9 10 11 -12 13 14 15 16 17 18 19 20 0
wuf20-0883 23852 1 -2 -3 4 5 6 7 8 -9 10 -11 12 -13 14 -15 16 17 18 19 20 0
wuf20-0884 27683 1 2 -3 4 5 6 7 -8 9 -10 11 -12 13 14 15 16 17 -18 19 20 0
wuf20-0885 28742 1 2 -3 4 5 6 7 8 9 -10 11 12 13 14 15 -16 17 18 19 20 0
wuf20-0886 32211 1 2 -3 -4 5 6 7 8 9 10 11 12 13 14 -15 16 17 18 -19 20 0
wuf20-0887 22493 -1 2 -3 4 -5 6 7 -8 9 10 -11 12 13 14 15 16 17 18 -19 20 0
wuf20-0888 30824 1 2 3 -4 5 6 -7 8 9 10 11 -12 13 14 15 16 17 18 19 20 0
wuf20-0889 27437 1 -2 3 4 5 -6 -7 8 9 -10 11 12 -13 14 15 16 17 18 19 20 0
wuf20-089 19701 1 2 -3 4 5 6 7 8 -9 10 11 12 -13 -14 -15 -16 17 18 19 20 0
wuf20-0891 23412 -1 -2 -3 4 5 6 7 -8 9 10 11 12 13 14 15 16 17 18 19 -20 0
wuf20-0892 24505 1 2 -3 4 5 6 7 8 9 10 11 12 13 -14 15 -16 17 -18 -19 -20 0
wuf20-0893 24248 1 2 3 4 -5 6 7 8 9 -10 11 12 13 14 -15 16 -17 -18 19 -20 0
wuf20-0894 31551 1 2 3 4 5 6 -7 8 9 10 11 12 -13 14 15 -16 17 18 -19 20 0
wuf20-0895 23124 1 2 -3 4 5 6 -7 8 -9 10 -11 -12 -13 14 15 16 17 18 19 -20 0
wuf20-0896 25279 -1 -2 3 -4 5 6 7 8 9 10 11 12 -13 14 15 -16 17 -18 -19 20 0
wuf20-0897 26071 1 2 3 4 5 -6 -7 8 -9 10 11 12 13 14 15 -16 17 18 19 -20 0
wuf20-0898 22270 -1 -2 -3 4 -5 6 7 8 -9 -10 11 12 13 -14 15 16 17 18 19 20 0
wuf20-0899 32731 1 2 3 -4 5 6 7 8 9 10 -11 12 13 14 15 -16 17 18 19 20 0
wuf20-09 30972 -1 2 3 4 5 6 7 -8 9 10 11 12 13 14 -15 16 17 -18 19 20 0
wuf20-090 33693 1 2 3 4 5 6 7 8 -9 10 11 12 13 14 15 16 17 18 19 20 0
wuf20-0900 27149 1 -2 3 4 5 -6 -7 8 9 10 11 12 13 14 -15 16 17 18 -19 20 0
wuf20-0901 30763 1 2 3 -4 -5 6 -7 8 9 10 -11 12 13 14 15 16 17 18 19 20 0
wuf20-0902 27764 1 2 3 4 5 -6 7 8 9 -10 11 12 13 14 15 16 17 -18 -19 -20 0
wuf20-0903 26626 1 -2 3 4 5 -6 7 8 9 10 11 12 13 -14 -15 16 -17 18 19 20 0
wuf20-0904 23655 1 -2 3 4 5 6 -7 8 9 10 -11 12 13 14 15 16 -17 18 19 -20 0
wuf20-0905 22082 1 -2 3 -4 5 -6 7 -8 9 -10 11 12 13 14 15 -16 17 18 19 20 0
wuf20-0906 25024 -1 -2 3 4 5 6 7 8 -9 10 11 12 13 -14 15 -16 17 18 19 20 0
wuf20-0907 17837 -1 2 3 -4 5 6 7 -8 -9 10 11 12 -13 14 -15 16 -17 18 -19 20 0
wuf20-091 29381 -1 2 3 4 5 6 -7 8 9 10 -11 12 13 14 15 16 17 18 19 -20 0
wuf20-0910 26307 1 -2 3 -4 5 -6 7 8 9 10 11 12 13 14 15 -16 17 18 -19 20 0
wuf20-0911 26373 -1 2 -3 -4 5 6 7 8 9 10 11 12 13 14 15 16 17 -18 19 20 0
wuf20-0912 22759 1 -2 3 4 -5 6 -7 8 9 10 11 12 -13 14 15 -16 -17 18 19 -20 0
wuf20-0913 27295 1 2 3 4 5 -6 7 8 9 10 11 12 -13 14 15 16 -17 18 19 -20 0
wuf20-0914 25737 1 -2 3 4 5 -6 7 -8 9 -10 -11 12 13 14 15 16 17 -18 19 20 0
wuf20-0915 24023 -1 2 -3 4 5 -6 7 8 -9 10 11 12 -13 14 15 16 17 18 19 -20 0
wuf20-0916 31921 1 2 -3 4 5 -6 7 8 -9 10 11 12 13 14 15 16 17 18 19 20 0
wuf20-0917 19347 1 2 -3 4 -5 -6 7 8 9 10 11 -12 13 -14 15 16 17 18 19 -20 0
wuf20-0918 28750 1 2 -3 -4 -5 6 -7 8 9 10 11 12 13 -14 15 16 17 18 19 20 0
wuf20-0919 29638 1 2 3 4 5 6 7 -8 9 10 11 12 13 14 -15 -16 17 -18 19 20 0
wuf20-092 36697 1 2 3 4 5 6 7 8 9 -10 11 12 13 14 15 16 17 18 19 20 0
wuf20-0920 34540 1 2 3 4 5 6 7 8 -9 10 11 12 13 14 -15 16 17 18 19 20 0
wuf20-0921 29550 1 -2 3 -4 5 -6 7 8 9 10 11 12 13 14 15 16 -17 18 19 20 0
wuf20-0922 29945 1 -2 -3 4 5 6 7 8 9 10 11 -12 13 14 15 16 17 18 19 20 0
wuf20-0923 30400 1 2 3 -4 -5 -6 7 8 9 10 11 12 13 -14 15 16 17 18 19 20 0
wuf20-0924 26769 1 2 3 4 5 6 7 8 9 -10 -11 12 -13 14 15 16 17 -18 -19 20 0
wuf20-0925 23075 -1 2 3 4 5 6 -7 8 9 10 11 -12 -13 14 15 16 17 18 19 -20 0
wuf20-0926 31085 1 2 -3 4 5 6 7 8 9 10 11 12 13 14 15 -16 -17 18 19 20 0
wuf20-0927 24906 -1 -2 3 4 5 6 7 8 9 10 -11 12 -13 -14 15 16 17 18 19 -20 0
wuf20-0928 26274 1 -2 -3 4 5 -6 7 8 9 10 11 12 13 14 15 -16 17 18 19 20 0
wuf20-0929 24381 1 2 -3 4 5 6 7 -8 9 -10 11 12 -13 -14 15 16 17 18 19 -20 0
wuf20-093 21211 -1 -2 3 -4 5 6 7 -8 9 -10 -11 12 13 14 15 16 17 -18 19 20 0
wuf20-0930 23613 1 2 -3 4 5 -6 7 8 9 10 11 -12 -13 14 -15 16 17 18 -19 20 0
wuf20-0931 27321 1 2 3 4 -5 6 7 -8 9 10 11 12 13 -14 -15 16 -17 18 19 20 0
wuf20-0932 29542 1 2 3 4 5 -6 7 8 -9 -10 11 12 13 14 -15 16 17 18 19 20 0
wuf20-0933 22998 1 2 -3 -4 -5 6 -7 8 -9 -10 11 12 13 14 15 16 17 18 19 -20 0
wuf20-0934 30664 1 2 3 4 5 -6 7 8 9 -10 11 -12 13 14 15 16 17 18 19 -20 0
wuf20-0935 31562 1 2 3 4 5 6 7 8 9 10 -11 12 13 14 15 16 -17 18 19 20 0
wuf20-0936 24620 1 -2 3 4 5 6 7 8 9 10 11 12 -13 14 15 16 17 -18 19 -20 0
wuf20-0937 21539 1 2 -3 -4 5 -6 7 8 -9 10 -11 12 -13 14 15 16 17 18 -19 20 0
wuf20-0938 25597 -1 2 -3 4 -5 6 7 8 9 10 -11 12 13 14 15 16 -17 18 -19 20 0
wuf20-0939 21515 -1 2 3 4 5 6 7 8 -9 10 11 -12 -13 14 -15 16 -17 18 -19 20 0
wuf20-094 26564 1 2 3 -4 5 6 -7 8 9 10 11 12 13 -14 -15 16 17 -18 19 -20 0
wuf20-0940 26725 -1 2 3 4 5 6 7 -8 9 10 -11 12 -13 14 15 16 17 -18 19 20 0
wuf20-0941 19514 -1 2 3 -4 -5 -6 -7 8 9 10 11 -12 13 14 15 16 17 -18 -19 20 0
wuf20-0942 23851 1 2 -3 4 5 -6 7 8 9 -10 11 12 13 -14 15 -16 17 18 19 20 0
wuf20-0943 28173 -1 2 3 4 5 -6 7 8 -9 -10 11 12 13 14 15 16 17 18 19 20 0
wuf20-0944 27615 1 2 -3 4 5 6 7 8 9 10 11 12 13 -14 15 16 17 -18 19 20 0
wuf20-0945 25201 1 2 3 4 -5 6 7 8 9 10 11 12 -13 14 15 -16 -17 18 19 -20 0
wuf20-0946 26348 1 -2 3 -4 5 6 7 -8 9 -10 11 12 13 14 -15 16 17 18 19 20 0
wuf20-0947 24189 -1 -2 -3 4 -5 -6 7 8 9 10 11 -12 13 14 15 16 17 18 19 20 0
wuf20-0948 33249 1 2 3 4 5 -6 7 8 -9 10 11 12 -13 14 15 16 17 18 19 20 0
wuf20-0949 25103 1 2 -3 4 -5 6 -7 -8 9 10 11 12 13 -14 15 16 17 -18 19 20 0
wuf20-095 29568 1 2 3 4 5 -6 -7 8 -9 10 11 12 13 14 15 16 17 18 -19 20 0
wuf20-0950 26191 1 -2 3 4 -5 6 7 8 -9 10 11 12 13 14 -15 -16 17 -18 19 20 0
wuf20-0951 26229 1 2 -3 4 -5 6 7 8 9 10 -11 12 13 -14 15 16 17 18 -19 20 0
wuf20-0952 25932 -1 -2 3 4 5 6 7 8 9 10 11 -12 13 -14 15 16 17 18 -19 20 0
wuf20-0953 21940 -1 -2 3 4 5 -6 7 8 9 10 -11 12 -13 -14 15 16 17 18 19 20 0
wuf20-0954 31983 1 -2 3 4 -5 6 7 -8 9 10 -11 12 13 14 15 16 17 18 19 20 0
wuf20-0955 30739 1 2 3 4 -5 6 7 8 9 10 11 -12 13 14 15 16 17 -18 19 20 0
wuf20-0956 21492 -1 2 3 -4 -5 6 7 -8 9 -10 11 -12 -13 14 -15 16 17 18 19 20 0
wuf20-0957 30428 1 -2 3 4 -5 6 7 8 9 10 11 12 13 14 15 16 17 18 -19 20 0
wuf20-0958 22633 1 2 3 4 5 6 -7 8 -9 10 -11 12 -13 -14 15 16 -17 18 -19 20 0
wuf20-0959 30555 1 2 3 4 -5 6 7 8 9 10 11 -12 13 -14 15 16 -17 18 19 20 0
wuf20-096 29545 -1 2 3 4 5 6 7 8 9 10 11 -12 13 14 -15 16 17 18 19 20 0
wuf20-0960 28195 1 2 3 4 5 6 7 8 9 10 -11 -12 13 14 15 16 -17 -18 19 -20 0
wuf20-0961 15884 1 -2 3 -4 -5 -6 7 8 9 10 11 -12 -13 -14 15 -16 17 18 -19 -20 0
wuf20-0962 23588 1 2 -3 4 -5 6 7 -8 9 -10 -11 -12 13 14 15 16 17 18 19 20 0
wuf20-0963 26327 1 -2 -3 4 5 6 7 8 9 -10 -11 -12 13 -14 15 16 17 18 19 20 0
wuf20-0964 30174 1 2 -3 4 5 6 -7 8 9 10 11 12 -13 14 15 16 17 -18 19 20 0
wuf20-0965 24396 1 2 3 4 5 6 -7 -8 9 10 11 12 13 14 15 16 -17 -18 -19 20 0
wuf20-0966 31440 -1 -2 3 4 5 6 7 8 9 10 11 12 13 14 -15 16 17 18 19 20 0
wuf20-0967 30542 1 2 3 4 5 6 -7 8 9 10 11 12 -13 14 -15 16 17 18 19 -20 0
wuf20-0968 23619 1 2 3 -4 5 6 -7 8 9 10 11 12 -13 14 -15 -16 -17 18 -19 20 0
wuf20-0969 22126 -1 2 3 4 5 6 7 8 -9 -10 11 12 -13 -14 15 -16 17 18 19 20 0
wuf20-097 22813 1 2 3 4 -5 -6 7 -8 9 10 -11 -12 13 14 -15 16 17 18 -19 20 0
wuf20-0970 24640 1 -2 3 -4 5 -6 7 8 9 10 -11 12 13 -14 15 16 -17 18 19 20 0
wuf20-0971 21293 -1 2 -3 4 5 6 -7 8 -9 10 11 12 -13 14 -15 16 17 18 -19 20 0
wuf20-0972 29988 1 2 3 -4 5 6 7 8 9 10 11 12 13 14 15 16 -17 -18 19 20 0
wuf20-0973 29090 -1 2 3 4 5 6 7 -8 9 -10 11 -12 13 14 15 16 -17 18 19 20 0
wuf20-0974 24771 1 -2 3 -4 5 6 -7 -8 9 -10 -11 12 -13 14 15 16 17 18 19 20 0
wuf20-0975 31969 1 2 3 4 5 6 -7 -8 9 10 11 12 13 14 15 16 17 -18 19 20 0
wuf20-0976 25684 1 2 3 4 5 -6 -7 8 9 -10 -11 12 13 14 15 16 17 -18 -19 20 0
wuf20-0977 29097 1 2 3 4 5 -6 7 -8 9 10 11 12 13 14 15 16 17 -18 19 20 0
wuf20-0978 36928 1 2 3 4 5 6 7 8 9 10 11 12 13 14 15 -16 17 18 19 20 0
wuf20-0979 27813 1 -2 -3 4 5 6 7 8 9 10 11 12 13 14 -15 16 17 -18 19 -20 0
wuf20-098 28583 1 2 3 -4 5 -6 7 8 9 10 -11 12 13 14 -15 16 17 18 19 20 0
wuf20-0980 20381 1 -2 3 -4 -5 6 -7 8 9 10 11 12 -13 14 -15 16 -17 18 19 20 0
wuf20-0981 20732 -1 2 3 4 -5 -6 7 8 9 10 11 12 -13 14 15 16 17 18 -19 -20 0
wuf20-0982 21561 1 -2 3 4 -5 6 -7 -8 9 -10 11 12 -13 -14 15 16 17 18 -19 20 0
wuf20-0983 25594 1 2 -3 -4 -5 6 7 -8 -9 10 11 12 13 14 15 16 17 18 19 20 0
wuf20-0984 24750 1 2 3 -4 5 6 7 8 -9 -10 -11 -12 13 -14 -15 16 17 18 19 20 0
wuf20-0985 29406 1 2 3 4 5 6 -7 8 9 10 -11 12 13 14 -15 16 17 -18 19 20 0
wuf20-0986 18868 -1 2 3 4 -5 6 -7 8 -9 10 11 -12 13 -14 15 16 -17 18 19 20 0
wuf20-0987 33632 1 2 -3 4 5 6 7 8 9 10 11 -12 13 14 15 16 17 18 -19 20 0
wuf20-0988 23572 -1 2 3 4 5 6 -7 8 -9 10 11 12 -13 -14 15 16 17 18 19 20 0
wuf20-0989 26055 -1 2 -3 4 5 6 7 8 9 10 -11 12 13 -14 15 -16 17 -18 19 20 0
wuf20-099 20517 1 2 3 -4 -5 -6 7 8 9 10 11 12 -13 14 -15 -16 17 18 -19 20 0
wuf20-0990 27806 1 -2 3 4 5 6 7 8 -9 10 11 12 13 -14 -15 16 17 -18 19 20 0
wuf20-0991 29084 1 -2 3 4 5 6 -7 8 9 10 11 12 13 14 -15 16 17 18 19 20 0
wuf20-0992 19830 1 -2 -3 4 5 6 7 -8 -9 10 11 12 -13 -14 15 16 -17 18 19 -20 0
wuf20-0993 31863 1 2 3 4 5 6 -7 8 -9 10 11 12 -13 14 -15 16 17 18 19 20 0
wuf20-0994 24773 -1 -2 3 -4 5 -6 7 8 9 10 11 12 13 -14 15 16 17 18 19 -20 0
wuf20-0995 30141 -1 2 3 4 5 6 7 8 9 10 11 -12 13 14 15 16 17 18 -19 -20 0
wuf20-0996 29034 1 2 -3 -4 5 6 7 -8 9 10 11 -12 13 14 15 16 17 18 19 20 0
wuf20-0997 28230 1 2 3 -4 5 6 7 8 9 10 11 12 13 14 15 16 -17 18 -19 -20 0
wuf20-0998 31319 1 2 3 4 -5 6 7 8 9 10 11 12 13 -14 15 16 17 18 19 20 0
wuf20-0999 28913 1 2 -3 4 5 -6 7 8 9 10 -11 12 -13 14 15 -16 17 18 19 20 0
