wuf20-01 1574 1 2 3 4 -5 6 7 8 9 10 11 12 -13 14 -15 16 17 18 19 20 0
wuf20-010 1141 -1 2 3 4 5 6 7 8 9 10 11 12 13 14 15 16 -17 -18 19 20 0
wuf20-0100 1201 -1 2 3 4 5 6 -7 8 9 10 -11 -12 13 14 15 -16 17 -18 19 20 0
wuf20-01000 1158 -1 2 3 4 5 6 7 8 9 10 -11 12 13 14 -15 -16 -17 18 19 -20 0
wuf20-0101 1368 1 2 3 -4 -5 6 -7 8 9 10 11 12 13 14 15 -16 17 -18 19 20 0
wuf20-0102 1431 -1 2 3 4 -5 6 7 8 -9 -10 11 12 13 14 -15 -16 17 18 19 -20 0
wuf20-0103 1126 1 -2 3 4 5 6 -7 -8 -9 10 11 12 13 14 15 16 -17 18 19 20 0
wuf20-0104 1244 1 2 3 4 5 -6 7 8 9 -10 11 12 13 -14 15 16 17 -18 -19 20 0
wuf20-0105 1139 -1 2 3 4 5 6 -7 8 9 10 11 12 13 -14 15 -16 17 18 -19 20 0
wuf20-0106 1225 -1 2 3 4 5 6 7 8 9 10 11 12 13 14 15 16 -17 18 -19 20 0
wuf20-0107 1466 1 -2 -3 -4 5 -6 7 8 9 10 -11 12 13 14 -15 16 17 18 19 20 0
wuf20-0108 1080 1 2 3 4 5 6 7 8 9 10 11 -12 13 14 15 16 17 18 19 20 0
wuf20-0109 1178 1 2 3 -4 -5 -6 7 -8 9 10 11 -12 -13 14 -15 -16 -17 18 19 20 0
wuf20-011 1113 1 2 3 4 5 6 7 -8 -9 -10 11 12 13 14 -15 16 17 18 19 20 0
wuf20-0110 1509 1 -2 3 4 5 6 7 8 9 -10 11 -12 13 14 15 16 17 18 19 -20 0
wuf20-0111 1082 1 2 3 4 5 -6 7 -8 9 -10 11 12 13 -14 15 16 17 -18 19 20 0
wuf20-0112 1270 1 2 3 4 5 -6 7 -8 -9 -10 11 12 13 14 15 16 17 18 19 -20 0
wuf20-0113 1179 -1 -2 3 4 -5 6 7 8 9 10 11 -12 -13 14 15 16 17 18 19 20 0
wuf20-0114 1155 1 2 3 4 5 6 -7 8 9 -10 11 12 13 14 15 16 17 -18 19 20 0
wuf20-0115 1270 1 2 3 4 5 -6 7 -8 9 10 11 -12 -13 14 -15 16 17 18 -19 20 0
wuf20-0116 1186 1 2 -3 4 -5 6 7 8 9 -10 11 12 -13 14 -15 16 17 18 -19 -20 0
wuf20-0117 1160 -1 -2 -3 4 5 6 7 8 -9 10 11 12 13 14 15 16 17 18 19 -20 0
wuf20-0118 1101 1 -2 -3 4 5 -6 7 8 -9 10 11 -12 13 14 15 16 17 18 19 20 0
wuf20-0119 1362 1 -2 3 -4 5 6 7 -8 9 -10 11 12 13 14 15 16 -17 18 19 -20 0
wuf20-012 1176 1 2 -3 4 -5 6 -7 -8 9 -10 -11 12 13 14 15 -16 17 18 19 20 0
wuf20-0120 1277 1 -2 3 4 5 -6 7 -8 9 -10 11 12 -13 14 15 16 17 18 -19 20 0
wuf20-0121 1153 1 -2 3 4 -5 6 7 8 9 10 11 12 13 -14 15 16 17 18 19 20 0
wuf20-0122 1165 -1 2 3 4 5 6 7 8 9 -10 -11 12 -13 14 15 -16 17 18 19 20 0
wuf20-0123 1095 1 2 3 4 5 -6 7 8 9 10 -11 12 13 14 15 16 17 18 -19 20 0
wuf20-0124 1199 -1 2 3 4 5 6 7 8 9 10 11 -12 13 14 -15 -16 -17 18 19 20 0
wuf20-0125 1084 1 2 3 4 5 6 7 8 -9 10 11 12 13 14 -15 16 17 18 19 20 0
wuf20-0126 1215 1 2 3 4 5 6 7 -8 9 10 11 12 -13 14 15 16 17 18 -19 20 0
wuf20-0127 1342 1 2 3 -4 5 -6 -7 8 9 10 11 12 13 14 15 -16 17 -18 -19 20 0
wuf20-0128 1089 -1 -2 3 4 5 6 7 8 -9 -10 11 12 13 -14 15 -16 17 18 19 20 0
wuf20-0129 1656 1 -2 3 4 -5 6 7 8 9 10 -11 12 -13 -14 -15 -16 17 18 19 20 0
wuf20-013 1915 1 2 3 4 5 -6 7 -8 9 10 -11 12 13 14 15 -16 17 18 19 20 0
wuf20-0130 1292 -1 2 3 4 5 6 7 8 -9 10 11 12 13 -14 -15 16 -17 18 -19 -20 0
wuf20-0131 1174 1 2 3 4 5 -6 7 8 9 -10 11 12 -13 14 15 16 17 18 19 20 0
wuf20-0132 1296 1 2 3 4 -5 -6 -7 8 9 10 11 -12 -13 -14 15 16 17 18 -19 20 0
wuf20-0133 1069 1 -2 3 4 5 6 7 -8 9 10 11 12 13 14 15 16 17 18 19 20 0
wuf20-0134 1264 1 2 -3 4 5 6 7 8 9 10 11 12 13 14 -15 -16 17 18 -19 -20 0
wuf20-0135 1291 -1 2 3 4 -5 6 7 8 9 -10 -11 12 13 14 -15 16 -17 18 19 20 0
wuf20-0136 1183 1 2 3 -4 5 6 7 8 -9 10 11 12 13 14 15 16 17 18 -19 20 0
wuf20-0137 1577 1 2 -3 4 -5 -6 7 8 9 10 -11 -12 13 14 15 16 -17 18 -19 20 0
wuf20-0138 1070 -1 2 3 -4 5 6 7 -8 9 -10 -11 12 13 -14 -15 -16 -17 -18 19 20 0
wuf20-0139 1411 -1 -2 -3 4 5 -6 7 8 9 10 11 -12 13 14 15 -16 -17 -18 19 -20 0
wuf20-014 1221 1 2 3 4 5 6 -7 8 -9 10 11 12 13 14 15 -16 17 18 19 -20 0
wuf20-0140 1099 1 2 3 -4 5 6 7 8 9 10 11 12 13 -14 15 16 17 18 19 20 0
wuf20-0141 1354 1 2 -3 -4 5 6 7 -8 9 10 11 12 -13 14 15 16 17 -18 19 20 0
wuf20-0142 1187 1 2 3 4 -5 -6 7 -8 -9 -10 11 12 13 14 15 16 17 18 19 20 0
wuf20-0143 1452 1 2 3 4 5 6 7 8 -9 10 11 12 13 14 15 16 17 18 19 -20 0
wuf20-0144 1490 1 2 3 4 -5 -6 7 -8 9 10 11 12 -13 14 -15 16 17 -18 -19 -20 0
wuf20-0145 1206 1 2 3 4 -5 6 7 8 9 -10 11 -12 13 14 15 -16 -17 18 -19 -20 0
wuf20-0146 1550 1 -2 3 4 -5 6 7 -8 9 10 -11 12 13 14 15 16 17 18 19 -20 0
wuf20-0147 1220 1 2 3 -4 -5 6 7 8 -9 10 11 12 13 -14 -15 16 17 -18 19 -20 0
wuf20-0148 1101 1 2 -3 4 5 6 7 8 -9 10 11 -12 13 -14 -15 16 17 18 19 20 0
wuf20-0149 1464 1 2 -3 4 5 6 -7 8 9 -10 -11 12 13 14 15 16 17 18 -19 20 0
wuf20-015 1568 -1 2 3 4 5 6 7 8 9 10 11 -12 13 14 15 -16 -17 18 19 -20 0
wuf20-0150 1212 -1 2 3 4 -5 -6 -7 8 -9 10 11 12 -13 14 -15 16 17 18 19 20 0
wuf20-0151 1336 1 2 3 4 -5 6 7 8 9 10 11 12 13 -14 15 16 17 18 -19 20 0
wuf20-0152 1291 1 2 -3 4 5 6 7 8 -9 -10 -11 12 -13 -14 -15 -16 17 18 19 -20 0
wuf20-0153 1435 1 2 3 4 5 6 7 8 -9 10 -11 -12 13 14 15 -16 17 18 19 -20 0
wuf20-0154 1256 -1 2 3 4 5 6 7 8 -9 10 -11 -12 13 14 -15 16 17 18 19 20 0
wuf20-0155 1118 1 2 3 4 5 6 -7 8 9 10 11 -12 13 14 15 16 -17 18 -19 20 0
wuf20-0156 1396 -1 -2 3 4 5 6 7 -8 9 -10 11 -12 -13 14 15 -16 -17 18 19 -20 0
wuf20-0157 1453 -1 2 3 -4 -5 6 7 8 9 10 11 12 -13 -14 15 16 17 -18 19 20 0
wuf20-0158 1421 1 2 3 4 5 6 7 8 9 10 -11 12 -13 14 -15 -16 17 -18 19 20 0
wuf20-0159 1243 1 2 -3 -4 -5 6 7 8 9 10 -11 12 13 14 -15 16 17 18 19 20 0
wuf20-016 1244 -1 2 3 4 5 6 7 8 9 -10 11 12 13 14 -15 -16 -17 18 -19 20 0
wuf20-0160 1347 1 2 -3 4 5 6 7 8 9 10 11 12 13 14 15 16 17 18 19 20 0
wuf20-0161 1365 1 2 3 4 5 6 -7 8 9 10 11 12 13 14 15 16 -17 -18 -19 20 0
wuf20-0162 1351 1 2 3 -4 5 6 7 8 9 10 -11 -12 -13 14 15 16 -17 18 19 20 0
wuf20-0163 1298 -1 2 3 4 5 6 7 8 9 10 11 12 13 14 15 16 -17 18 19 20 0
wuf20-0164 1451 -1 -2 3 -4 5 6 7 8 9 10 11 12 13 -14 15 -16 17 -18 19 20 0
wuf20-0165 1183 1 2 3 4 5 -6 -7 8 -9 10 11 12 13 14 15 -16 17 18 19 20 0
wuf20-0166 1084 1 2 3 4 -5 6 7 -8 -9 -10 -11 12 -13 14 -15 16 17 18 19 20 0
wuf20-0167 1383 1 2 -3 4 5 6 7 8 9 10 11 -12 13 14 15 16 -17 18 19 -20 0
wuf20-0168 1144 -1 -2 3 4 -5 -6 -7 8 9 -10 -11 12 13 14 15 16 17 -18 -19 -20 0
wuf20-0169 1267 -1 2 -3 4 5 6 7 8 9 10 11 -12 13 14 15 16 17 -18 -19 -20 0
wuf20-017 1314 1 2 3 4 5 6 7 8 9 10 11 12 -13 14 15 16 -17 18 19 20 0
wuf20-0170 1213 1 2 3 4 5 -6 7 8 9 -10 11 12 13 14 15 16 -17 -18 19 -20 0
wuf20-0171 1451 1 2 3 4 5 6 7 8 9 10 11 12 13 -14 -15 16 17 18 19 20 0
wuf20-0172 1395 -1 2 3 -4 5 6 7 8 -9 10 11 12 13 14 15 16 17 18 -19 -20 0
wuf20-0173 1139 1 2 -3 4 5 -6 7 -8 -9 10 11 12 -13 14 15 -16 17 -18 19 20 0
wuf20-0174 1076 1 -2 3 4 5 6 7 8 -9 10 11 -12 -13 14 15 -16 -17 18 19 20 0
wuf20-0175 1145 1 2 3 -4 -5 6 7 8 9 10 11 12 13 14 -15 16 -17 -18 19 20 0
wuf20-0176 1258 1 -2 -3 4 5 6 -7 8 9 -10 11 -12 13 14 15 16 -17 18 -19 20 0
wuf20-0177 1200 -1 2 3 4 5 6 7 8 9 10 11 12 -13 14 15 16 17 -18 -19 20 0
wuf20-0178 1405 -1 -2 3 4 5 -6 7 8 9 10 11 12 13 14 -15 -16 -17 18 19 20 0
wuf20-0179 1258 1 2 3 4 -5 6 7 8 -9 -10 11 12 13 -14 15 16 17 18 19 20 0
wuf20-018 1329 1 2 3 -4 5 -6 -7 8 9 10 -11 12 13 14 15 16 17 18 19 20 0
wuf20-0180 1114 1 2 3 4 -5 6 7 8 9 10 11 12 13 -14 15 -16 17 -18 -19 20 0
wuf20-0181 1160 -1 2 3 -4 5 6 7 -8 9 10 -11 12 13 14 15 16 -17 18 19 20 0
wuf20-0182 1530 -1 2 3 4 5 6 -7 -8 9 10 11 12 13 14 15 16 17 18 -19 20 0
wuf20-0183 1371 1 2 3 4 -5 6 -7 8 9 10 -11 12 -13 14 15 16 -17 18 19 -20 0
wuf20-0184 1133 1 2 3 -4 5 6 -7 -8 9 10 11 12 -13 -14 15 16 -17 -18 19 20 0
wuf20-0185 1122 1 2 -3 4 5 6 7 8 9 -10 11 -12 -13 14 15 16 17 -18 19 20 0
wuf20-0186 1421 -1 2 3 -4 5 6 7 8 9 10 -11 12 13 14 15 16 17 18 19 -20 0
wuf20-0187 1375 -1 2 3 -4 -5 6 7 8 9 -10 11 12 -13 14 15 16 17 -18 19 20 0
wuf20-0188 1176 -1 -2 3 4 5 6 -7 -8 9 -10 11 12 13 14 15 -16 17 -18 19 -20 0
wuf20-0189 1017 -1 2 3 4 5 6 7 -8 9 -10 11 -12 13 -14 15 16 -17 18 19 -20 0
wuf20-019 1220 1 2 3 4 5 -6 7 -8 -9 -10 11 12 13 14 -15 16 -17 18 19 -20 0
wuf20-0190 1328 1 2 3 4 5 6 7 8 -9 10 11 12 13 14 15 16 17 18 19 -20 0
wuf20-0191 1321 1 2 3 4 -5 6 -7 8 9 10 11 -12 13 14 15 16 17 18 19 20 0
wuf20-0192 1291 -1 -2 3 4 5 -6 7 8 9 10 -11 12 13 -14 15 16 17 18 -19 20 0
wuf20-0193 1222 1 2 3 -4 -5 -6 7 8 9 -10 11 12 13 14 15 -16 17 18 -19 20 0
wuf20-0194 1292 1 2 3 -4 -5 6 7 8 9 10 -11 12 13 14 15 -16 17 18 -19 -20 0
wuf20-0195 1332 1 2 3 4 5 -6 7 8 9 10 11 12 13 -14 15 16 17 18 -19 20 0
wuf20-0196 1412 1 2 3 4 5 6 7 -8 9 10 -11 12 13 14 15 16 -17 -18 19 20 0
wuf20-0197 1236 1 2 3 -4 -5 -6 -7 8 -9 10 -11 12 13 14 15 16 -17 18 19 20 0
wuf20-0198 1111 1 2 3 4 5 -6 7 8 -9 -10 11 12 13 -14 -15 16 17 18 19 -20 0
wuf20-0199 1114 1 2 3 -4 5 6 7 8 9 10 11 12 13 14 15 16 17 -18 19 20 0
wuf20-02 1432 -1 -2 3 4 5 6 7 8 9 10 -11 12 -13 14 15 16 -17 -18 19 -20 0
wuf20-020 1258 1 2 3 4 5 6 7 8 -9 -10 11 -12 13 14 15 16 -17 -18 -19 20 0
wuf20-0200 1574 1 -2 3 -4 5 -6 7 -8 9 -10 -11 -12 13 -14 15 16 17 18 -19 20 0
wuf20-0201 1398 1 2 3 4 5 6 7 -8 -9 10 -11 12 -13 14 15 16 17 -18 19 20 0
wuf20-0202 1379 1 2 3 4 5 6 -7 -8 9 10 11 12 13 14 -15 16 17 18 19 20 0
wuf20-0203 1256 -1 -2 -3 -4 5 6 -7 8 9 10 11 12 13 14 15 16 -17 18 19 20 0
wuf20-0204 1236 -1 2 -3 4 5 6 7 -8 9 10 11 12 -13 14 15 16 -17 -18 19 -20 0
wuf20-0205 1206 -1 2 3 4 -5 6 -7 -8 9 -10 11 12 13 14 15 16 17 18 -19 -20 0
wuf20-0206 1194 1 2 3 4 5 6 7 8 -9 10 11 12 13 14 15 -16 17 18 19 20 0
wuf20-0207 1206 1 2 3 4 5 -6 7 8 9 -10 11 12 13 14 15 16 -17 -18 -19 20 0
wuf20-0208 1346 1 2 -3 -4 5 6 -7 8 9 10 11 12 13 14 15 -16 17 18 19 -20 0
wuf20-0209 1125 1 2 3 -4 -5 -6 7 8 9 -10 11 12 13 14 15 -16 -17 18 19 -20 0
wuf20-021 1149 1 2 3 -4 -5 6 7 8 9 -10 11 12 13 14 15 16 -17 18 19 -20 0
wuf20-0210 1638 1 -2 -3 4 5 6 7 8 9 10 11 12 13 14 15 -16 -17 -18 19 -20 0
wuf20-0211 1287 1 2 3 4 5 6 7 8 -9 -10 11 12 13 -14 -15 16 17 18 19 20 0
wuf20-0212 1242 1 2 3 4 -5 6 7 8 9 10 11 -12 13 14 15 16 17 18 -19 -20 0
wuf20-0213 1207 1 2 3 4 -5 6 7 8 9 -10 11 12 -13 -14 -15 16 17 18 -19 -20 0
wuf20-0214 1154 1 2 -3 4 5 6 -7 8 9 10 11 -12 13 14 15 -16 17 18 19 20 0
wuf20-0215 1392 1 2 3 4 5 -6 7 8 9 10 11 -12 13 -14 15 -16 17 18 19 20 0
wuf20-0216 1603 -1 2 -3 -4 5 6 -7 -8 9 -10 11 -12 -13 14 15 16 17 18 19 20 0
wuf20-0217 1270 1 -2 -3 4 5 6 7 8 9 -10 11 12 13 14 15 16 17 18 19 20 0
wuf20-0218 1454 -1 2 -3 -4 5 6 7 8 9 10 11 12 13 14 -15 -16 17 18 -19 20 0
wuf20-0219 1444 1 2 3 4 -5 6 7 -8 9 10 11 -12 13 14 15 16 17 18 -19 20 0
wuf20-022 1284 1 2 -3 -4 -5 -6 7 8 9 10 11 12 13 -14 15 16 17 18 -19 20 0
wuf20-0220 1374 1 -2 3 -4 -5 6 7 -8 -9 -10 11 -12 13 14 15 16 17 18 19 20 0
wuf20-0221 1180 -1 2 3 4 5 6 -7 8 9 10 11 12 13 14 15 16 -17 -18 19 20 0
wuf20-0222 1067 1 2 3 4 5 6 7 8 -9 10 11 12 13 14 15 16 17 -18 19 20 0
wuf20-0223 1082 -1 2 3 4 5 6 7 8 9 -10 -11 12 13 14 15 16 17 18 19 20 0
wuf20-0224 1277 -1 -2 -3 4 5 -6 7 8 9 10 11 -12 13 14 -15 16 17 18 -19 20 0
wuf20-0225 1485 1 2 -3 4 -5 6 -7 8 9 10 -11 -12 -13 14 15 16 17 18 19 20 0
wuf20-0226 1367 -1 2 3 4 5 6 7 8 9 10 -11 12 13 14 -15 16 17 -18 19 -20 0
wuf20-0227 1305 1 2 3 4 5 6 7 8 9 -10 -11 12 13 14 15 16 17 18 19 20 0
wuf20-0228 1529 1 2 3 4 5 6 7 8 9 -10 11 12 -13 -14 -15 16 -17 18 19 20 0
wuf20-0229 1229 1 2 3 4 5 6 7 8 9 10 -11 -12 13 14 15 -16 17 18 19 20 0
wuf20-023 1250 1 2 3 4 -5 6 7 -8 9 10 -11 -12 13 14 -15 16 -17 -18 19 20 0
wuf20-0230 1588 1 2 -3 4 -5 6 7 8 9 -10 11 12 13 -14 15 16 -17 18 -19 20 0
wuf20-0231 1607 -1 -2 3 4 5 6 -7 8 9 -10 11 12 -13 14 -15 16 17 -18 19 20 0
wuf20-0232 1234 1 2 -3 -4 5 -6 7 8 9 10 11 -12 13 -14 15 16 17 18 19 20 0
wuf20-0233 1075 1 -2 3 4 5 -6 7 8 9 -10 11 -12 13 14 15 16 17 18 19 -20 0
wuf20-0234 1276 1 -2 3 4 5 6 -7 -8 9 10 11 12 -13 14 15 16 17 18 -19 20 0
wuf20-0235 1236 1 -2 3 4 5 6 7 8 9 10 11 12 -13 14 -15 16 -17 18 19 20 0
wuf20-0236 1217 1 -2 3 4 5 -6 7 -8 9 10 11 12 -13 -14 15 16 -17 18 -19 20 0
wuf20-0237 1364 1 -2 -3 4 5 6 -7 8 9 -10 -11 12 13 -14 15 16 -17 18 19 20 0
wuf20-0238 1236 1 2 3 4 -5 6 -7 8 9 10 11 12 13 -14 15 16 17 18 19 20 0
wuf20-0239 1425 1 2 3 4 5 6 7 8 -9 10 11 12 -13 14 15 16 17 18 -19 20 0
wuf20-024 1394 -1 -2 -3 -4 5 6 -7 8 9 10 11 -12 13 -14 15 16 17 18 19 20 0
wuf20-0240 1553 1 2 -3 4 5 6 7 8 9 -10 11 -12 -13 14 15 16 17 -18 19 20 0
wuf20-0241 1489 -1 2 3 4 5 6 -7 8 9 10 11 12 -13 14 15 -16 17 18 -19 20 0
wuf20-0242 1265 -1 2 3 4 -5 -6 7 8 9 10 11 12 13 14 15 16 -17 18 19 -20 0
wuf20-0243 1548 1 2 -3 -4 5 6 7 8 9 10 11 -12 13 -14 15 16 17 18 19 20 0
wuf20-0244 1217 -1 2 3 4 5 6 7 8 9 10 11 12 -13 14 15 -16 17 18 -19 -20 0
wuf20-0245 1371 -1 2 3 4 -5 6 -7 8 9 10 -11 -12 13 -14 15 16 -17 -18 19 -20 0
wuf20-0246 1376 -1 -2 3 4 5 6 7 8 9 10 11 12 -13 -14 -15 16 17 18 19 -20 0
wuf20-0247 1398 1 -2 3 -4 5 -6 7 -8 -9 10 -11 12 13 14 15 16 17 18 -19 20 0
wuf20-0248 1293 -1 2 3 -4 -5 6 7 8 9 -10 11 12 13 14 15 16 17 18 19 20 0
wuf20-0249 1498 1 2 -3 -4 5 6 7 8 -9 10 11 12 13 14 15 16 -17 18 19 20 0
wuf20-025 1353 1 2 3 4 5 -6 7 -8 9 10 11 -12 -13 14 15 16 17 18 19 20 0
wuf20-0250 1189 1 2 3 4 -5 6 7 8 9 10 11 12 13 14 15 16 17 18 -19 20 0
wuf20-0251 1151 1 -2 3 -4 5 6 7 8 -9 10 11 12 13 -14 15 16 17 18 19 -20 0
wuf20-0252 1197 1 2 3 -4 5 6 7 8 9 10 11 12 13 -14 -15 16 -17 18 -19 20 0
wuf20-0253 1396 1 2 3 -4 5 -6 7 8 9 10 11 12 13 -14 15 16 17 -18 19 -20 0
wuf20-0254 1214 1 -2 3 4 5 6 7 8 9 -10 11 12 -13 14 15 -16 -17 18 19 20 0
wuf20-0255 1114 1 -2 3 4 -5 6 7 8 -9 -10 -11 12 13 14 15 16 -17 18 -19 20 0
wuf20-0256 1478 -1 -2 3 4 5 6 7 8 9 10 11 12 13 14 -15 16 17 18 19 20 0
wuf20-0257 1248 1 -2 3 4 5 6 7 8 9 10 11 12 13 14 15 -16 17 -18 -19 20 0
wuf20-0258 1256 1 -2 3 4 5 -6 7 8 9 10 11 12 13 14 -15 16 17 -18 19 20 0
wuf20-0259 1113 1 2 3 -4 5 -6 7 8 9 -10 11 12 13 14 15 16 -17 18 -19 20 0
wuf20-026 1182 1 2 3 -4 -5 6 7 -8 9 10 11 12 13 14 -15 16 -17 18 -19 -20 0
wuf20-0260 1194 1 2 3 4 5 6 -7 8 9 -10 11 12 13 14 15 -16 -17 -18 19 -20 0
wuf20-0261 1291 -1 2 -3 4 5 6 7 8 9 10 -11 12 13 14 15 16 17 18 -19 20 0
wuf20-0262 1171 1 -2 3 4 5 6 7 -8 9 -10 -11 12 13 -14 15 16 17 -18 19 20 0
wuf20-0263 1337 1 2 3 4 5 6 -7 -8 9 10 11 12 -13 14 -15 16 17 18 19 20 0
wuf20-0264 1321 1 2 -3 4 -5 6 7 8 9 10 -11 -12 13 14 15 -16 -17 18 -19 20 0
wuf20-0265 1197 1 2 3 4 -5 -6 7 -8 9 10 11 12 13 14 15 16 17 -18 19 20 0
wuf20-0266 1230 1 2 3 4 5 6 7 8 9 -10 11 12 13 -14 15 -16 17 -18 19 20 0
wuf20-0267 1131 1 -2 3 -4 5 6 7 -8 9 -10 11 12 13 14 -15 16 17 18 19 20 0
wuf20-0268 1093 1 2 3 4 5 6 7 8 9 -10 11 12 -13 14 15 16 17 -18 19 20 0
wuf20-0269 1439 1 -2 3 4 5 -6 7 8 9 10 -11 12 13 -14 -15 16 17 18 19 20 0
wuf20-027 1164 1 2 -3 -4 5 6 7 -8 9 10 11 12 13 -14 15 16 17 18 19 20 0
wuf20-0270 1142 -1 2 3 4 5 -6 7 8 9 -10 -11 12 -13 14 15 16 17 18 19 20 0
wuf20-0271 1377 -1 -2 3 -4 5 -6 7 8 9 10 11 12 13 -14 15 16 17 18 19 20 0
wuf20-0272 1704 -1 -2 3 4 -5 6 7 -8 -9 10 11 12 13 14 -15 16 17 -18 19 20 0
wuf20-0273 1284 1 2 3 -4 5 6 7 8 9 -10 -11 12 -13 -14 15 16 17 18 19 20 0
wuf20-0274 1141 1 -2 3 -4 5 6 7 8 9 -10 11 12 13 14 15 -16 17 18 19 20 0
wuf20-0275 1459 1 2 3 -4 -5 6 -7 8 -9 -10 11 12 13 14 15 16 17 18 -19 20 0
wuf20-0276 1230 -1 -2 3 4 -5 6 7 8 9 10 11 12 13 -14 15 16 17 18 19 20 0
wuf20-0277 1244 -1 2 -3 4 -5 6 7 8 9 10 -11 12 -13 14 15 -16 17 18 19 20 0
wuf20-0278 1294 1 -2 3 4 -5 6 -7 -8 -9 10 11 -12 13 14 15 16 17 18 -19 -20 0
wuf20-0279 1124 1 -2 -3 4 5 6 7 8 9 10 11 12 13 14 15 -16 -17 -18 -19 -20 0
wuf20-028 1244 -1 2 3 4 5 6 -7 -8 9 10 -11 12 13 -14 -15 16 -17 18 19 20 0
wuf20-0280 1456 -1 2 3 -4 5 -6 7 8 9 10 11 12 13 14 15 16 17 -18 19 20 0
wuf20-0281 1392 1 2 3 4 5 6 7 8 9 10 11 -12 13 -14 15 16 17 18 19 -20 0
wuf20-0282 1416 -1 2 3 4 5 6 -7 -8 9 10 11 12 -13 14 15 -16 17 18 19 -20 0
wuf20-0283 1364 1 2 3 4 -5 6 7 8 9 10 11 12 13 14 15 16 17 18 -19 20 0
wuf20-0284 1472 1 2 3 -4 5 6 -7 -8 9 10 -11 -12 13 -14 15 16 17 18 19 -20 0
wuf20-0285 1166 1 -2 3 4 5 -6 7 8 9 10 11 12 -13 14 -15 16 -17 -18 19 20 0
wuf20-0286 1454 1 2 3 4 5 6 7 -8 -9 -10 11 12 13 14 15 16 17 -18 -19 20 0
wuf20-0287 1176 -1 -2 3 -4 5 6 7 8 9 -10 11 12 13 14 -15 -16 17 18 19 20 0
wuf20-0288 1226 1 2 -3 4 -5 6 -7 8 9 -10 11 12 13 -14 15 16 17 18 19 20 0
wuf20-0289 1281 1 2 -3 4 5 -6 -7 8 -9 10 -11 12 13 14 15 16 17 18 19 20 0
wuf20-029 1300 -1 2 -3 4 5 -6 7 -8 9 10 11 12 13 -14 15 16 -17 18 19 20 0
wuf20-0290 1132 1 2 -3 4 -5 6 -7 8 9 10 11 12 -13 -14 15 16 -17 18 19 20 0
wuf20-0291 1116 1 2 3 4 5 6 7 8 9 10 11 12 -13 14 15 16 17 18 19 20 0
wuf20-0292 1281 1 -2 -3 -4 5 6 7 8 9 10 11 12 13 -14 15 -16 17 18 19 20 0
wuf20-0293 1263 -1 2 -3 4 5 6 7 8 9 10 11 12 13 14 15 16 17 -18 19 20 0
wuf20-0294 1103 1 2 3 4 5 -6 7 8 -9 10 11 12 13 14 -15 16 -17 -18 -19 20 0
wuf20-0295 1212 1 2 3 -4 5 -6 7 -8 -9 10 11 12 -13 14 15 16 17 -18 19 20 0
wuf20-0296 1334 -1 2 3 4 -5 6 7 -8 -9 10 11 12 13 14 15 -16 17 18 19 20 0
wuf20-0297 1213 1 2 3 4 5 -6 7 8 -9 10 11 12 -13 -14 15 -16 -17 18 19 -20 0
wuf20-0298 1174 1 2 -3 4 5 -6 7 8 9 -10 11 -12 13 14 15 -16 17 18 19 20 0
wuf20-0299 1229 1 -2 3 4 -5 6 -7 8 -9 10 -11 12 13 14 15 16 17 18 -19 -20 0
wuf20-03 11388 1 2 3 4 5 6 7 8 9 10 11 -12 -13 14 15 16 17 -18 -19 20 0
wuf20-030 1107 1 2 -3 4 -5 6 7 8 9 10 -11 -12 13 -14 15 16 17 18 19 20 0
wuf20-0300 1278 1 2 3 4 5 6 7 8 9 10 -11 12 13 14 15 -16 17 -18 19 -20 0
wuf20-0301 1362 1 2 -3 4 5 6 7 -8 9 10 -11 12 13 -14 15 16 17 18 19 20 0
wuf20-0302 1322 1 2 3 4 5 6 7 8 9 10 11 12 13 -14 -15 16 17 18 19 -20 0
wuf20-0303 1211 -1 2 -3 4 -5 -6 7 8 9 10 11 -12 13 -14 -15 -16 17 18 19 -20 0
wuf20-0304 1185 1 -2 -3 4 -5 6 7 8 9 10 -11 12 13 14 15 16 17 -18 -19 20 0
wuf20-0305 1228 1 2 3 4 -5 6 7 8 9 10 11 -12 13 14 15 -16 17 18 -19 20 0
wuf20-0306 1470 -1 2 -3 4 -5 6 7 8 -9 -10 11 12 -13 14 15 16 -17 18 19 -20 0
wuf20-0307 962 1 2 3 -4 5 -6 7 8 9 10 11 -12 13 -14 15 16 17 -18 -19 20 0
wuf20-0308 1209 1 2 3 -4 5 6 7 8 9 10 -11 12 13 -14 15 16 17 -18 -19 20 0
wuf20-0309 1373 1 2 3 -4 5 -6 7 8 -9 -10 11 12 13 14 15 16 17 -18 -19 20 0
wuf20-031 1444 1 2 3 4 5 6 -7 8 9 10 11 -12 13 -14 15 16 17 -18 -19 -20 0
wuf20-0310 1164 1 2 3 -4 -5 -6 -7 8 9 10 11 12 13 14 15 -16 -17 -18 19 20 0
wuf20-0311 1411 1 2 3 4 5 -6 7 -8 9 10 11 12 13 14 -15 16 17 18 -19 20 0
wuf20-0312 1077 1 2 -3 4 -5 6 7 8 9 10 -11 12 13 -14 -15 -16 -17 18 -19 20 0
wuf20-0313 1393 1 2 -3 4 -5 -6 7 8 9 10 11 12 13 -14 15 16 -17 -18 19 -20 0
wuf20-0314 1178 1 2 3 4 5 6 -7 8 9 10 11 -12 13 14 15 16 17 18 -19 20 0
wuf20-0315 1313 1 2 3 -4 5 6 7 8 9 -10 11 12 13 14 15 16 17 18 -19 20 0
wuf20-0316 1129 1 2 -3 -4 -5 6 7 -8 9 -10 11 -12 13 -14 15 16 17 18 -19 -20 0
wuf20-0317 1194 1 -2 -3 -4 5 -6 7 8 -9 10 11 -12 13 14 15 -16 -17 18 19 20 0
wuf20-0318 1141 1 2 3 -4 5 6 -7 8 9 10 11 12 13 14 15 16 17 -18 19 20 0
wuf20-0319 1323 1 2 -3 -4 5 6 7 8 9 10 11 12 13 14 15 16 17 18 19 20 0
wuf20-032 1199 1 2 3 4 5 6 7 -8 9 -10 11 -12 13 14 -15 16 17 18 19 20 0
wuf20-0320 1122 1 2 -3 4 5 -6 7 8 9 10 11 -12 -13 -14 15 16 17 18 19 20 0
wuf20-0321 1371 1 -2 3 4 5 6 -7 -8 9 10 11 12 13 -14 -15 16 17 18 19 20 0
wuf20-0322 968 1 -2 3 -4 5 6 7 8 9 10 11 12 -13 14 -15 16 17 18 19 -20 0
wuf20-0323 2036 -1 2 3 -4 5 -6 7 8 9 10 -11 -12 13 14 15 16 17 18 19 20 0
wuf20-0324 1279 1 -2 3 4 5 -6 7 8 9 10 11 -12 13 14 15 16 -17 -18 19 20 0
wuf20-0325 1134 1 2 -3 4 5 6 7 8 9 -10 11 12 13 14 15 16 17 18 19 20 0
wuf20-0326 1056 -1 2 3 4 5 -6 7 8 9 -10 -11 -12 13 14 -15 -16 17 18 19 20 0
wuf20-0327 1575 1 2 3 4 5 6 7 8 9 10 -11 -12 13 14 15 16 -17 18 19 20 0
wuf20-0328 1415 1 -2 -3 -4 5 6 -7 8 -9 10 11 12 13 -14 15 -16 17 18 19 20 0
wuf20-0329 1406 1 2 -3 4 5 6 -7 8 9 10 -11 -12 13 14 -15 16 -17 18 19 -20 0
wuf20-0330 1334 1 -2 -3 4 -5 6 7 -8 9 10 11 12 13 14 -15 16 -17 -18 -19 20 0
wuf20-0331 1390 1 -2 3 4 5 6 7 8 -9 10 11 -12 13 14 15 -16 17 18 -19 20 0
wuf20-0332 1024 1 -2 -3 -4 5 6 -7 -8 9 10 -11 12 -13 14 15 16 -17 18 19 20 0
wuf20-0333 1099 -1 -2 -3 4 5 6 -7 -8 9 10 11 12 13 14 15 16 -17 18 19 20 0
wuf20-0334 1313 -1 -2 -3 4 5 6 7 -8 9 -10 11 12 -13 14 15 16 17 -18 19 20 0
wuf20-0335 1212 -1 -2 3 4 5 6 7 8 -9 10 11 12 -13 -14 -15 16 17 -18 19 20 0
wuf20-0336 1885 1 2 3 -4 -5 6 -7 -8 9 10 11 12 13 14 -15 16 17 18 19 -20 0
wuf20-0337 1387 1 2 3 -4 5 6 7 8 -9 -10 -11 12 13 14 15 16 17 18 19 20 0
wuf20-0338 1547 1 -2 -3 4 5 -6 7 -8 9 10 11 12 13 14 15 16 -17 18 -19 20 0
wuf20-0339 1302 -1 2 3 4 5 6 7 8 9 10 11 12 13 14 15 16 -17 18 19 20 0
wuf20-034 8285 1 2 -3 4 -5 -6 7 8 -9 10 11 12 -13 14 -15 16 17 18 19 20 0
wuf20-0342 1607 1 2 3 4 5 6 7 8 9 -10 11 12 -13 -14 15 16 17 -18 19 20 0
wuf20-0343 1348 -1 2 3 -4 5 -6 7 8 9 10 -11 12 13 -14 15 16 -17 -18 19 20 0
wuf20-0344 1213 1 2 3 -4 -5 6 7 -8 -9 10 11 12 13 -14 15 -16 17 18 -19 20 0
wuf20-0345 1181 1 2 3 4 -5 -6 7 8 -9 10 11 12 13 14 -15 16 17 18 19 20 0
wuf20-0346 1099 1 2 -3 -4 5 6 -7 8 9 -10 -11 12 13 -14 15 16 17 18 -19 20 0
wuf20-0347 1285 1 2 3 4 -5 6 7 8 9 10 -11 12 13 14 -15 16 17 18 -19 20 0
wuf20-0348 1201 1 2 3 4 5 6 7 8 9 10 -11 12 13 -14 15 16 17 18 19 20 0
wuf20-0349 1312 1 -2 -3 4 -5 6 7 8 -9 10 11 12 13 -14 15 16 -17 -18 19 -20 0
wuf20-035 6957 1 2 3 -4 5 6 -7 8 9 10 11 12 -13 14 -15 16 17 18 19 20 0
wuf20-0350 10499 1 2 -3 -4 5 6 7 8 9 -10 -11 -12 13 -14 -15 16 17 18 -19 20 0
wuf20-0351 8705 1 2 3 4 5 6 7 8 9 -10 11 12 13 14 15 -16 -17 18 19 20 0
wuf20-0352 9443 1 2 3 4 5 6 -7 8 9 10 -11 -12 13 14 15 16 17 18 19 -20 0
wuf20-0353 8154 1 2 3 4 5 -6 7 8 9 10 11 12 -13 14 15 16 17 18 19 20 0
wuf20-0354 8559 1 2 3 -4 -5 6 7 8 9 -10 11 12 -13 -14 -15 16 17 18 19 20 0
wuf20-0355 8429 1 2 3 4 5 6 7 8 9 10 11 12 13 -14 15 16 17 -18 19 20 0
wuf20-0356 7489 1 2 3 4 5 6 7 8 9 -10 -11 -12 13 14 15 16 17 18 19 20 0
wuf20-0357 8473 -1 2 3 -4 -5 6 7 -8 -9 10 11 12 13 14 -15 16 17 -18 19 20 0
wuf20-0358 8174 1 2 3 4 5 6 -7 -8 9 10 11 12 13 -14 15 16 17 -18 19 20 0
wuf20-0359 9312 -1 2 -3 4 5 6 7 8 9 -10 -11 12 13 -14 -15 -16 -17 18 19 20 0
wuf20-036 8914 -1 -2 -3 4 -5 6 -7 8 9 10 11 12 13 14 -15 16 17 18 19 20 0
wuf20-0360 9174 1 2 3 4 5 6 7 -8 9 10 11 12 -13 -14 -15 16 17 -18 19 20 0
wuf20-0361 10119 1 2 3 4 5 6 7 8 9 -10 11 12 13 14 15 -16 -17 18 19 20 0
wuf20-0362 9294 1 2 3 -4 5 6 7 -8 9 10 -11 12 13 14 -15 -16 17 -18 19 20 0
wuf20-0363 8788 1 2 3 -4 5 -6 7 8 9 10 11 12 13 14 15 16 17 -18 19 20 0
wuf20-0364 9000 1 2 3 4 5 6 7 8 -9 10 -11 -12 13 14 15 16 17 -18 19 -20 0
wuf20-0365 9106 -1 2 -3 4 5 6 7 8 -9 10 11 12 -13 14 15 16 -17 18 -19 20 0
wuf20-0366 8546 1 2 3 4 -5 6 -7 8 9 10 -11 -12 13 14 15 16 17 18 19 -20 0
wuf20-0367 8820 1 -2 -3 4 -5 -6 7 -8 9 10 11 -12 13 14 15 16 17 18 -19 -20 0
wuf20-0368 9663 -1 -2 3 4 -5 6 7 8 9 10 11 12 13 14 15 16 17 18 19 20 0
wuf20-0369 8711 1 2 3 4 -5 -6 7 8 9 10 -11 12 13 14 15 -16 17 -18 19 20 0
wuf20-037 8118 -1 2 -3 4 5 6 -7 8 -9 -10 11 12 13 14 15 -16 17 18 19 20 0
wuf20-0370 10158 1 -2 3 4 -5 6 7 8 -9 10 11 -12 13 14 -15 -16 -17 18 -19 20 0
wuf20-0371 9691 1 -2 -3 4 5 -6 7 -8 9 10 11 12 13 -14 -15 16 17 18 19 20 0
wuf20-0372 10602 1 2 -3 4 -5 6 -7 8 9 10 11 12 13 -14 15 -16 17 18 19 20 0
wuf20-0373 12671 1 -2 3 4 -5 -6 7 8 9 -10 11 12 13 -14 15 16 -17 18 19 20 0
wuf20-0374 6850 1 -2 3 -4 5 6 7 8 -9 10 11 -12 -13 -14 -15 16 -17 18 -19 20 0
wuf20-0375 10663 1 -2 -3 4 -5 6 7 -8 9 10 11 -12 13 -14 15 16 17 -18 -19 20 0
wuf20-0376 7818 1 2 -3 -4 5 6 7 8 9 10 11 12 13 -14 15 16 17 -18 19 -20 0
wuf20-0377 8596 1 2 3 -4 5 6 7 -8 9 10 11 12 13 14 15 16 17 18 19 20 0
wuf20-0378 8965 1 2 3 4 5 6 7 8 -9 10 11 -12 13 -14 15 -16 17 18 -19 20 0
wuf20-0379 8359 1 2 3 4 5 6 -7 8 9 10 -11 12 13 14 15 16 17 -18 19 -20 0
wuf20-038 9697 1 2 3 -4 5 -6 7 8 -9 -10 -11 12 13 14 -15 16 17 -18 19 20 0
wuf20-0380 10661 1 2 3 4 5 6 -7 8 9 10 11 -12 13 -14 15 16 17 18 -19 20 0
wuf20-0381 10535 1 2 3 -4 5 6 7 -8 9 -10 11 -12 13 14 15 16 -17 18 19 20 0
wuf20-0382 9376 -1 2 -3 4 5 6 7 -8 9 -10 -11 12 -13 14 15 16 17 18 19 20 0
wuf20-0383 9672 1 -2 -3 4 5 6 7 -8 9 -10 11 -12 13 14 15 -16 17 18 19 20 0
wuf20-0384 11010 -1 2 3 4 5 6 7 8 9 10 11 -12 13 -14 -15 16 17 18 19 20 0
wuf20-0385 9780 1 -2 3 4 5 6 -7 8 9 10 -11 12 13 14 -15 16 17 18 19 20 0
wuf20-0386 8216 1 -2 3 4 5 -6 -7 8 9 10 11 12 13 14 15 16 17 18 19 20 0
wuf20-0387 14220 1 -2 3 4 -5 6 7 -8 9 10 -11 12 -13 14 15 -16 17 18 19 20 0
wuf20-0388 8505 1 -2 3 4 5 6 -7 8 9 -10 11 12 13 14 15 -16 -17 18 19 20 0
wuf20-0389 8909 1 -2 -3 4 -5 6 7 -8 -9 10 -11 12 13 14 15 16 17 18 -19 -20 0
wuf20-039 8506 1 2 -3 -4 -5 6 -7 -8 9 10 11 12 13 14 -15 -16 17 18 19 20 0
wuf20-0390 8755 1 2 3 4 5 6 7 8 9 10 -11 12 13 14 -15 -16 17 18 19 -20 0
wuf20-0391 8578 1 2 -3 -4 5 6 7 -8 9 10 11 12 13 -14 15 -16 17 18 19 20 0
wuf20-0392 9460 1 -2 -3 4 5 6 7 8 -9 10 11 12 -13 -14 15 16 17 -18 19 20 0
wuf20-0393 9553 -1 2 -3 4 5 6 7 8 9 10 11 12 13 14 15 16 -17 18 -19 20 0
wuf20-0394 7252 1 -2 3 -4 5 -6 7 8 9 -10 11 12 -13 -14 15 -16 17 18 -19 -20 0
wuf20-0395 9146 -1 2 3 4 5 -6 7 8 9 10 11 12 13 14 15 16 17 18 19 20 0
wuf20-0396 10621 1 2 3 4 5 6 7 -8 9 10 11 12 -13 14 -15 16 -17 -18 19 20 0
wuf20-0397 10380 1 2 3 -4 5 6 -7 8 -9 10 11 12 13 -14 15 -16 17 18 19 20 0
wuf20-0398 8719 1 2 3 4 -5 6 7 8 9 10 11 12 13 -14 15 -16 17 18 19 20 0
wuf20-0399 9596 1 2 -3 4 5 6 7 -8 9 10 -11 12 -13 -14 15 16 -17 18 -19 20 0
wuf20-04 9880 -1 2 -3 -4 5 6 7 8 -9 10 11 12 13 14 -15 16 17 18 19 20 0
wuf20-040 8876 -1 2 3 4 5 6 -7 -8 9 10 -11 -12 13 -14 -15 16 -17 18 19 20 0
wuf20-0400 9382 -1 2 3 4 5 6 7 -8 9 10 -11 12 13 14 15 16 17 18 -19 20 0
wuf20-0401 9119 1 2 3 -4 5 -6 7 8 9 10 11 12 13 14 15 16 17 18 19 20 0
wuf20-0402 8708 -1 -2 3 -4 5 -6 7 8 9 -10 -11 12 13 14 15 16 -17 18 19 20 0
wuf20-0403 8655 1 2 3 4 5 -6 7 -8 9 10 11 12 13 14 15 16 17 -18 19 20 0
wuf20-0404 11177 1 -2 -3 4 5 6 7 8 -9 10 11 12 13 14 15 16 17 18 19 -20 0
wuf20-0405 12572 1 2 3 4 5 6 7 -8 9 10 -11 -12 13 14 15 16 17 18 19 -20 0
wuf20-0406 8592 -1 2 3 4 5 -6 -7 -8 9 10 -11 12 -13 14 -15 16 17 18 19 -20 0
wuf20-0407 11303 -1 2 3 4 5 6 7 8 9 10 11 12 13 14 -15 -16 17 18 19 -20 0
wuf20-0408 9151 1 2 3 4 5 6 7 8 9 -10 -11 12 13 14 15 16 17 18 19 20 0
wuf20-0409 8521 1 2 -3 4 5 -6 -7 8 9 -10 11 12 -13 14 -15 -16 17 18 -19 20 0
wuf20-041 8574 1 2 -3 4 5 6 -7 8 9 10 11 12 13 -14 -15 16 17 18 19 -20 0
wuf20-0410 8914 1 2 3 4 5 6 7 -8 9 -10 11 12 13 -14 15 16 17 -18 19 -20 0
wuf20-0411 7825 1 2 -3 4 5 6 7 8 9 10 11 12 -13 -14 15 -16 17 18 19 20 0
wuf20-0412 9644 1 2 -3 4 5 6 -7 -8 9 -10 -11 12 13 14 15 -16 17 18 19 20 0
wuf20-0413 8073 1 2 3 4 -5 6 7 8 9 10 11 -12 13 14 15 16 17 18 19 20 0
wuf20-0414 7615 1 2 -3 4 5 6 7 -8 9 10 11 12 13 14 15 16 -17 18 19 20 0
wuf20-0415 9147 -1 -2 3 4 5 -6 7 8 9 -10 11 12 -13 -14 15 16 -17 -18 19 20 0
wuf20-0416 7912 1 2 3 4 5 6 -7 8 9 -10 -11 12 13 14 15 -16 17 18 19 20 0
wuf20-0417 9826 1 2 3 4 5 6 7 8 9 10 -11 -12 -13 14 15 16 17 18 19 20 0
wuf20-0418 8569 1 2 -3 4 5 6 7 8 9 10 -11 12 13 -14 15 16 17 18 -19 -20 0
wuf20-0419 9438 1 -2 3 4 5 -6 -7 8 9 10 11 -12 13 14 -15 16 -17 18 -19 20 0
wuf20-042 8830 1 2 3 4 5 6 7 8 -9 10 -11 12 13 -14 -15 16 17 -18 19 20 0
wuf20-0420 9464 1 2 -3 -4 5 6 -7 8 9 10 11 -12 13 14 15 16 17 18 19 20 0
wuf20-0421 11197 -1 2 3 -4 -5 6 7 8 9 10 -11 12 13 14 -15 16 -17 18 19 -20 0
wuf20-0422 6760 1 2 3 4 5 6 7 8 9 10 -11 12 -13 -14 -15 16 -17 18 19 20 0
wuf20-0423 8903 -1 2 -3 -4 5 6 7 8 9 10 11 12 13 14 15 16 -17 -18 -19 -20 0
wuf20-0424 7200 1 2 3 4 5 6 7 8 -9 -10 11 -12 13 14 15 16 -17 18 -19 -20 0
wuf20-0425 9901 1 2 -3 4 -5 6 -7 8 -9 10 11 12 13 14 15 16 17 18 19 20 0
wuf20-0426 9780 1 -2 3 -4 5 6 7 8 9 -10 11 12 -13 -14 15 16 17 18 19 20 0
wuf20-0427 10045 1 2 3 4 5 -6 7 8 9 10 11 12 -13 14 15 16 17 -18 19 -20 0
wuf20-0428 9237 1 2 3 -4 -5 -6 7 8 9 -10 11 -12 13 -14 15 16 17 18 -19 20 0
wuf20-0429 8306 1 2 3 4 5 6 7 8 9 10 11 -12 13 14 15 -16 -17 18 19 20 0
wuf20-043 11764 -1 2 3 4 -5 6 -7 8 -9 10 -11 12 -13 14 -15 16 -17 18 19 20 0
wuf20-0430 11092 1 -2 -3 4 5 6 7 8 9 10 11 12 13 -14 -15 -16 17 18 -19 20 0
wuf20-0431 9407 1 2 3 4 5 6 7 8 -9 10 11 -12 13 14 15 16 -17 18 19 -20 0
wuf20-0432 7765 1 2 3 4 -5 6 7 8 9 -10 11 12 -13 14 15 16 17 18 -19 -20 0
wuf20-0433 9479 1 2 3 4 -5 -6 -7 -8 9 10 11 12 13 -14 15 -16 17 18 19 -20 0
wuf20-0434 9296 1 2 -3 4 -5 6 7 8 -9 10 11 12 13 14 15 16 17 18 -19 20 0
wuf20-0435 9122 1 2 3 4 5 6 7 -8 9 -10 -11 12 -13 14 15 16 -17 18 19 20 0
wuf20-0436 8402 -1 2 3 -4 5 6 7 8 9 10 11 -12 13 -14 15 16 17 18 19 -20 0
wuf20-0437 11823 1 -2 3 4 5 6 -7 8 -9 10 11 12 -13 -14 15 16 17 18 19 20 0
wuf20-0438 9596 1 -2 3 4 5 6 7 -8 -9 -10 11 12 13 14 15 16 17 -18 -19 20 0
wuf20-0439 8837 1 2 3 4 5 -6 7 -8 -9 10 11 12 13 14 15 16 -17 18 19 20 0
wuf20-044 9456 -1 -2 -3 4 5 6 7 -8 9 10 11 12 13 14 15 -16 -17 18 19 -20 0
wuf20-0440 10369 1 2 3 4 5 -6 7 8 -9 10 11 12 -13 -14 15 -16 17 -18 19 20 0
wuf20-0441 10337 1 2 3 -4 -5 6 7 -8 9 10 11 12 -13 14 15 16 17 18 19 20 0
wuf20-0442 11343 1 -2 3 -4 5 6 -7 8 9 10 11 12 13 -14 -15 16 17 18 19 -20 0
wuf20-0443 10327 1 -2 -3 -4 5 -6 7 8 -9 10 11 12 13 -14 -15 16 17 -18 19 20 0
wuf20-0444 8198 -1 2 -3 4 5 6 -7 8 -9 10 -11 -12 13 14 15 -16 -17 -18 19 20 0
wuf20-0445 8660 1 2 3 4 -5 -6 -7 8 -9 10 11 12 13 -14 15 16 17 18 19 20 0
wuf20-0446 10713 1 2 -3 4 5 -6 -7 8 9 10 -11 12 13 14 15 16 17 18 19 20 0
wuf20-0447 10365 -1 -2 3 4 -5 6 7 -8 9 10 11 12 13 14 15 16 17 -18 19 -20 0
wuf20-0448 7057 1 2 3 4 -5 -6 7 8 9 10 11 12 -13 14 -15 16 -17 18 19 20 0
wuf20-0449 7548 -1 2 -3 4 5 6 7 8 9 10 11 -12 13 -14 15 16 17 18 19 -20 0
wuf20-045 10393 1 2 -3 4 -5 6 -7 8 9 10 -11 12 -13 14 -15 16 17 18 -19 20 0
wuf20-0450 9495 -1 2 3 -4 -5 6 -7 -8 -9 10 -11 12 13 -14 15 16 17 18 19 20 0
wuf20-0451 9707 1 -2 -3 4 5 6 7 8 9 10 11 12 -13 14 15 16 17 18 19 -20 0
wuf20-0452 8878 1 2 3 -4 -5 -6 -7 8 -9 -10 11 12 13 14 -15 -16 17 18 -19 20 0
wuf20-0453 10007 -1 2 -3 4 5 6 7 -8 9 10 11 12 13 14 -15 -16 17 -18 19 20 0
wuf20-0454 11311 1 2 3 -4 5 6 -7 -8 9 10 11 12 13 14 15 16 17 18 19 -20 0
wuf20-0455 8554 1 2 3 4 5 -6 -7 -8 9 10 11 -12 13 14 15 16 -17 18 19 20 0
wuf20-0456 8182 1 2 3 4 5 6 7 8 9 -10 11 12 13 14 15 -16 -17 -18 19 20 0
wuf20-0457 10147 1 2 -3 4 -5 6 7 8 9 10 11 12 -13 14 15 16 17 18 -19 20 0
wuf20-0458 10916 1 -2 -3 4 -5 6 7 8 -9 10 11 -12 -13 14 15 16 17 18 19 20 0
wuf20-0459 9691 -1 2 3 -4 -5 6 7 8 -9 10 -11 12 13 14 -15 16 17 18 19 -20 0
wuf20-046 10596 1 2 3 -4 -5 -6 7 8 -9 -10 11 12 13 14 15 16 17 18 19 20 0
wuf20-0460 9525 1 2 3 4 5 6 7 8 -9 10 11 12 13 -14 15 -16 17 18 19 20 0
wuf20-0461 7894 1 2 -3 4 5 6 7 8 9 -10 -11 12 13 14 15 -16 -17 18 19 20 0
wuf20-0462 8015 1 2 3 4 5 6 7 8 -9 10 11 -12 13 14 15 16 17 18 19 20 0
wuf20-0463 10852 1 2 -3 -4 5 6 7 -8 9 10 11 12 13 14 15 16 17 18 -19 20 0
wuf20-0464 8025 1 2 3 -4 5 -6 7 8 9 -10 11 12 -13 -14 15 -16 17 -18 19 20 0
wuf20-0465 7923 1 -2 3 4 5 6 7 -8 9 10 -11 -12 13 14 15 16 17 -18 19 20 0
wuf20-0466 10433 1 2 3 -4 5 -6 7 -8 9 10 -11 -12 13 14 -15 -16 17 18 19 -20 0
wuf20-0467 11321 1 2 3 4 5 -6 7 8 -9 10 11 -12 13 14 -15 16 -17 -18 19 20 0
wuf20-0468 8823 -1 2 3 4 -5 -6 7 -8 9 10 11 12 -13 -14 15 16 -17 -18 19 20 0
wuf20-0469 8350 1 2 -3 -4 5 6 7 8 9 -10 -11 -12 13 -14 -15 16 -17 -18 19 -20 0
wuf20-047 8125 1 -2 3 4 -5 6 7 8 9 -10 -11 12 13 -14 15 -16 -17 -18 19 20 0
wuf20-0470 11107 1 2 3 4 5 6 7 8 9 -10 11 12 13 14 15 -16 17 18 -19 20 0
wuf20-0471 9737 1 2 3 4 5 6 -7 -8 9 10 11 12 13 -14 15 16 -17 -18 -19 20 0
wuf20-0472 8162 1 2 3 -4 5 -6 7 8 9 10 -11 12 13 14 15 -16 17 18 19 20 0
wuf20-0473 7643 1 2 3 -4 5 -6 -7 8 9 10 11 12 13 14 15 16 17 -18 19 -20 0
wuf20-0474 8114 1 -2 -3 4 -5 6 7 8 9 10 11 12 13 14 -15 16 17 -18 19 -20 0
wuf20-0475 8979 1 2 3 -4 5 -6 -7 8 -9 10 -11 12 13 14 15 16 17 -18 19 20 0
wuf20-0476 8654 1 2 -3 4 5 -6 7 8 9 -10 11 12 13 14 -15 -16 17 18 19 20 0
wuf20-0477 7525 1 2 3 4 5 -6 -7 8 -9 10 -11 -12 13 14 15 -16 -17 18 19 -20 0
wuf20-0478 7747 -1 -2 3 -4 5 6 7 -8 9 10 -11 12 -13 14 -15 -16 17 18 -19 20 0
wuf20-0479 8738 -1 2 -3 -4 -5 6 7 8 -9 10 11 -12 13 14 15 16 17 18 19 20 0
wuf20-048 8368 1 2 3 -4 5 6 7 8 -9 10 11 12 13 -14 15 16 17 18 19 -20 0
wuf20-0480 8926 1 2 3 4 5 6 7 8 9 -10 11 12 13 14 15 16 17 18 -19 20 0
wuf20-0481 8057 1 2 3 -4 -5 -6 7 8 9 10 -11 12 13 -14 15 -16 -17 18 19 20 0
wuf20-0482 8367 -1 -2 3 -4 -5 6 7 8 -9 10 11 12 13 14 -15 16 17 18 -19 20 0
wuf20-0483 9175 -1 2 3 4 5 -6 7 8 -9 -10 11 12 13 14 15 16 17 18 19 20 0
wuf20-0484 9941 1 2 3 4 5 6 7 8 -9 -10 -11 -12 13 14 15 16 17 -18 19 20 0
wuf20-0485 8984 -1 2 3 -4 5 6 -7 8 9 -10 11 12 13 14 15 16 -17 18 19 20 0
wuf20-0486 11408 1 -2 3 4 -5 6 7 -8 -9 10 -11 12 13 14 15 -16 17 -18 19 20 0
wuf20-0487 9906 1 2 3 4 5 6 -7 8 9 10 11 12 13 14 15 -16 17 18 19 20 0
wuf20-0488 9702 1 2 3 4 5 6 -7 8 9 10 -11 12 13 14 15 16 17 18 19 -20 0
wuf20-0489 8229 -1 2 3 4 5 6 -7 8 9 -10 11 12 13 14 -15 16 17 18 19 20 0
wuf20-049 8027 1 2 -3 4 -5 -6 -7 8 9 -10 11 12 -13 14 -15 -16 17 -18 -19 -20 0
wuf20-0490 7983 1 2 3 4 5 -6 7 8 9 10 11 12 13 14 -15 16 -17 18 -19 20 0
wuf20-0491 10437 1 2 3 -4 5 6 7 8 9 -10 11 12 13 14 15 16 17 18 19 20 0
wuf20-0492 8146 1 2 3 4 5 6 7 -8 9 -10 11 12 -13 -14 15 16 17 18 19 20 0
wuf20-0493 9135 1 2 -3 4 5 6 7 8 9 -10 11 12 -13 14 15 16 17 -18 19 20 0
wuf20-0494 8993 1 2 -3 4 5 6 7 -8 9 10 -11 12 13 14 15 16 17 18 19 20 0
wuf20-0495 9049 1 2 3 4 5 6 -7 8 9 -10 -11 -12 13 -14 15 16 -17 18 -19 20 0
wuf20-0496 7937 1 -2 3 4 5 6 -7 8 -9 10 -11 12 13 14 15 16 17 18 19 20 0
wuf20-0497 8959 1 2 -3 -4 5 -6 7 8 -9 -10 11 12 13 -14 15 16 17 -18 19 -20 0
wuf20-0498 8664 1 2 3 4 5 6 7 -8 9 10 11 -12 13 14 15 16 17 -18 19 -20 0
wuf20-0499 9796 1 2 3 4 5 6 7 8 -9 10 11 12 13 14 15 16 17 18 19 20 0
wuf20-05 7201 -1 2 3 4 5 6 7 8 -9 10 11 12 13 -14 15 -16 -17 18 -19 -20 0
wuf20-050 8630 -1 -2 3 4 5 6 -7 8 9 10 11 12 -13 14 15 16 -17 18 -19 20 0
wuf20-0500 9635 -1 2 3 4 -5 6 7 8 -9 10 11 -12 13 14 15 16 -17 18 -19 20 0
wuf20-0501 8166 1 -2 3 -4 5 6 -7 -8 -9 10 11 12 13 14 15 16 -17 18 -19 20 0
wuf20-0502 11011 1 -2 3 4 5 6 7 8 9 10 11 -12 13 14 15 16 17 18 -19 20 0
wuf20-0503 10313 1 -2 3 4 5 6 7 8 9 10 -11 -12 -13 14 -15 16 -17 18 19 20 0
wuf20-0504 9675 1 -2 3 4 -5 6 7 8 9 -10 11 12 13 -14 15 16 17 -18 19 -20 0
wuf20-0505 8278 -1 2 3 4 5 6 7 -8 9 10 11 12 -13 14 -15 -16 -17 18 19 20 0
wuf20-0506 9271 1 2 3 4 5 -6 7 -8 9 -10 11 12 13 -14 15 -16 17 18 -19 20 0
wuf20-0507 9098 1 2 3 4 5 6 7 -8 9 -10 -11 12 -13 14 15 -16 17 18 -19 20 0
wuf20-0508 9267 -1 -2 3 4 -5 6 -7 8 -9 10 -11 12 13 -14 15 16 17 18 -19 -20 0
wuf20-0509 9790 1 2 3 4 5 6 -7 8 9 10 -11 12 -13 14 15 16 -17 18 19 -20 0
wuf20-051 9461 1 2 3 4 -5 6 -7 8 9 10 11 -12 -13 14 -15 16 -17 18 -19 20 0
wuf20-0510 11887 1 2 -3 -4 -5 6 -7 -8 9 -10 11 12 13 14 15 16 17 18 19 -20 0
wuf20-0511 8945 1 2 3 -4 5 6 7 -8 9 10 11 -12 -13 14 15 16 -17 18 19 20 0
wuf20-0512 10101 1 -2 3 4 5 6 7 8 9 -10 11 12 -13 14 15 16 17 -18 -19 20 0
wuf20-0513 8436 1 2 3 4 -5 -6 -7 8 -9 -10 11 12 -13 -14 -15 16 17 18 19 20 0
wuf20-0514 8247 1 2 3 -4 -5 6 7 -8 9 10 11 -12 13 14 15 16 17 18 19 20 0
wuf20-0515 8804 1 2 3 -4 5 -6 -7 -8 9 -10 11 12 -13 -14 15 16 17 18 -19 20 0
wuf20-0516 10212 1 2 3 4 5 -6 7 8 9 10 11 12 -13 -14 15 16 17 18 19 20 0
wuf20-0517 8473 1 2 3 4 -5 6 7 8 -9 10 11 12 13 14 -15 16 17 -18 19 20 0
wuf20-0518 9795 1 -2 3 4 -5 6 7 8 9 10 11 12 -13 14 15 16 17 18 -19 20 0
wuf20-0519 7569 -1 2 -3 4 -5 6 7 8 9 10 -11 12 13 14 15 16 -17 18 19 -20 0
wuf20-052 7566 -1 2 3 4 5 6 -7 8 9 -10 11 -12 13 14 15 16 17 18 19 20 0
wuf20-0520 9216 1 2 3 -4 5 6 -7 8 9 -10 11 12 13 14 15 16 17 18 19 -20 0
wuf20-0521 9803 1 2 3 4 5 6 7 -8 -9 10 11 12 13 14 15 -16 17 -18 -19 20 0
wuf20-0522 9783 1 2 -3 4 5 6 7 -8 9 -10 11 12 13 14 15 16 17 18 19 20 0
wuf20-0523 8592 1 2 3 4 5 6 7 -8 9 10 -11 12 -13 14 15 -16 17 18 -19 20 0
wuf20-0524 7202 1 -2 -3 4 5 6 7 8 9 10 11 12 13 14 15 -16 -17 18 -19 20 0
wuf20-0525 10454 -1 2 3 4 5 6 7 8 -9 10 11 12 -13 14 -15 16 17 18 19 20 0
wuf20-0526 9329 -1 2 3 -4 5 -6 7 8 9 10 -11 12 -13 14 15 16 17 18 19 -20 0
wuf20-0527 9358 1 2 3 -4 5 6 7 8 9 -10 11 12 13 14 15 16 17 18 19 20 0
wuf20-0528 10093 -1 2 -3 4 -5 6 7 -8 -9 10 11 12 13 14 15 -16 17 -18 19 -20 0
wuf20-0529 8665 1 -2 3 4 5 6 7 8 9 10 11 12 -13 -14 15 -16 17 18 19 20 0
wuf20-053 7796 1 2 3 -4 5 6 7 8 9 10 11 12 13 14 15 16 17 -18 19 20 0
wuf20-0530 9783 1 2 3 4 5 6 -7 8 9 -10 11 12 -13 14 -15 -16 17 -18 19 20 0
wuf20-0531 9670 -1 2 3 4 -5 -6 7 8 -9 -10 11 12 13 14 15 16 17 18 19 -20 0
wuf20-0532 8473 1 2 3 -4 5 6 7 -8 -9 -10 11 -12 -13 14 15 16 -17 18 19 20 0
wuf20-0533 8324 1 2 3 4 5 6 7 8 -9 10 11 12 13 -14 15 16 17 18 19 -20 0
wuf20-0534 8925 1 -2 3 4 5 -6 7 8 9 10 11 12 13 -14 15 16 17 18 19 20 0
wuf20-0535 9122 -1 2 3 4 5 6 7 -8 -9 10 -11 12 13 14 -15 16 -17 18 19 -20 0
wuf20-0536 9747 1 -2 -3 4 5 6 7 8 9 10 -11 12 -13 14 15 16 17 18 -19 -20 0
wuf20-0537 9908 -1 -2 3 4 5 6 -7 8 9 10 11 -12 -13 14 15 16 17 18 19 20 0
wuf20-0538 8773 1 2 -3 4 5 6 7 8 9 -10 11 12 13 -14 15 16 -17 18 19 -20 0
wuf20-0539 8732 1 2 3 4 5 6 7 8 9 -10 11 12 13 -14 15 16 -17 -18 -19 20 0
wuf20-054 9365 -1 -2 3 4 5 -6 7 8 -9 10 -11 12 13 -14 15 16 17 18 19 20 0
wuf20-0540 9709 -1 2 3 -4 5 -6 7 8 9 10 11 12 -13 -14 15 -16 17 18 -19 -20 0
wuf20-0541 9606 1 2 3 4 -5 -6 7 8 9 -10 11 12 -13 14 15 -16 -17 -18 19 20 0
wuf20-0542 8186 1 2 3 4 5 6 7 8 9 -10 -11 12 -13 14 15 -16 -17 18 19 20 0
wuf20-0543 9270 -1 2 3 4 5 6 7 8 -9 10 11 12 13 14 15 16 17 18 19 -20 0
wuf20-0544 9218 -1 2 3 -4 5 6 7 8 9 -10 11 12 -13 14 15 -16 17 18 19 20 0
wuf20-0545 7471 1 2 3 4 5 -6 7 -8 9 10 11 12 13 14 -15 16 17 18 19 -20 0
wuf20-0546 9801 -1 2 3 4 5 6 -7 8 9 10 11 12 13 -14 15 16 -17 18 19 -20 0
wuf20-0547 9016 1 2 3 4 -5 -6 7 8 9 10 11 12 13 14 15 16 17 18 19 20 0
wuf20-0548 9513 1 2 -3 4 5 6 -7 8 9 -10 -11 12 13 14 15 16 17 18 -19 20 0
wuf20-0549 9665 -1 -2 -3 4 5 6 -7 -8 9 -10 11 12 13 14 15 16 17 18 19 -20 0
wuf20-055 11414 1 2 -3 4 5 -6 -7 8 9 -10 11 12 -13 14 15 16 17 18 -19 -20 0
wuf20-0550 8220 1 2 -3 -4 5 6 -7 8 9 10 11 12 -13 -14 15 16 -17 18 19 -20 0
wuf20-0551 9676 1 -2 3 4 -5 6 7 8 9 10 -11 12 13 14 15 16 -17 18 19 -20 0
wuf20-0552 10153 1 2 3 4 5 6 7 -8 9 10 -11 12 13 14 15 16 17 18 19 20 0
wuf20-0553 8404 -1 2 3 4 -5 6 7 8 9 -10 -11 12 13 14 15 -16 -17 18 19 20 0
wuf20-0554 9432 1 2 3 -4 5 6 7 8 9 10 11 12 13 14 15 16 17 18 19 20 0
wuf20-0555 10064 1 2 3 -4 -5 6 7 -8 9 -10 11 12 -13 14 15 16 17 18 19 20 0
wuf20-0556 8845 1 2 3 4 5 6 7 -8 -9 10 -11 12 13 14 15 16 17 18 19 20 0
wuf20-0557 9860 1 2 -3 -4 5 -6 7 -8 9 10 11 -12 -13 -14 15 -16 17 18 19 20 0
wuf20-0558 10229 1 2 -3 -4 -5 6 7 8 9 -10 11 12 13 14 -15 -16 -17 18 19 -20 0
wuf20-0559 7956 -1 -2 3 -4 5 6 7 8 -9 10 -11 -12 13 14 15 16 17 18 19 -20 0
wuf20-056 8036 1 2 -3 4 5 -6 -7 8 9 10 11 12 13 14 -15 16 17 -18 19 20 0
wuf20-0560 10090 1 2 3 -4 -5 6 7 8 9 10 11 12 13 14 -15 -16 17 -18 19 20 0
wuf20-0561 8504 1 2 -3 -4 5 6 7 8 9 10 11 -12 13 -14 15 16 17 18 19 20 0
wuf20-0562 11862 -1 2 3 4 -5 6 7 -8 -9 -10 11 12 13 14 15 16 17 18 -19 20 0
wuf20-0563 8308 1 -2 3 4 5 6 -7 8 9 10 -11 12 13 -14 15 16 17 18 19 20 0
wuf20-0564 9825 -1 -2 3 4 5 6 7 -8 9 10 -11 12 13 -14 15 16 17 -18 19 20 0
wuf20-0565 9319 1 -2 3 4 5 -6 7 8 9 10 11 12 -13 14 -15 -16 17 18 19 20 0
wuf20-0566 9199 1 -2 3 4 -5 -6 7 -8 9 10 11 12 13 14 15 -16 17 18 -19 20 0
wuf20-0567 9703 1 -2 -3 -4 5 6 7 8 -9 10 11 12 13 14 15 16 -17 -18 19 20 0
wuf20-0568 9139 1 2 3 4 -5 6 -7 8 -9 10 -11 12 13 14 15 16 17 -18 19 20 0
wuf20-0569 9017 -1 2 3 4 5 -6 7 -8 9 10 11 -12 13 -14 15 16 -17 -18 19 20 0
wuf20-057 8453 1 2 -3 4 5 -6 7 8 9 10 11 12 -13 14 -15 16 17 18 -19 20 0
wuf20-0570 10266 -1 2 3 4 5 6 7 8 9 10 -11 12 13 -14 15 16 -17 18 -19 20 0
wuf20-0571 8450 1 2 -3 -4 5 6 7 -8 9 10 11 12 13 14 -15 16 17 18 19 -20 0
wuf20-0572 7859 -1 2 3 4 5 6 7 8 -9 10 -11 12 13 14 -15 16 17 18 -19 20 0
wuf20-0573 11003 1 2 3 -4 5 6 7 8 -9 10 11 12 13 14 -15 -16 17 18 19 20 0
wuf20-0574 7387 1 2 3 4 5 6 7 8 9 10 11 12 13 14 15 16 17 -18 -19 -20 0
wuf20-0575 8426 -1 2 3 4 5 6 -7 8 9 10 11 12 -13 -14 -15 16 -17 -18 -19 -20 0
wuf20-0576 8035 1 2 -3 4 5 -6 7 -8 9 10 11 12 13 14 15 -16 -17 18 19 -20 0
wuf20-0577 8701 1 -2 -3 4 -5 6 -7 -8 9 10 11 12 13 -14 -15 16 17 -18 19 20 0
wuf20-0578 7558 1 2 3 -4 -5 6 7 8 9 -10 -11 12 13 14 15 16 17 -18 19 20 0
wuf20-0579 8595 1 2 3 4 5 -6 7 8 -9 10 11 12 13 -14 15 16 17 18 19 20 0
wuf20-058 8515 1 2 -3 -4 5 -6 -7 8 9 10 11 -12 13 14 15 16 17 -18 -19 20 0
wuf20-0580 8878 1 -2 -3 4 -5 6 7 8 9 10 11 12 -13 14 15 16 -17 -18 -19 20 0
wuf20-0581 8173 -1 2 3 4 5 6 7 8 9 10 11 12 -13 14 15 -16 -17 18 19 20 0
wuf20-0582 8908 -1 -2 3 4 5 -6 7 8 9 10 11 12 13 14 15 -16 17 18 19 20 0
wuf20-0583 9113 1 2 3 4 5 -6 7 -8 -9 10 -11 12 13 14 15 -16 17 18 -19 20 0
wuf20-0584 8675 1 2 -3 -4 5 6 -7 8 9 -10 -11 -12 13 -14 15 16 17 18 19 20 0
wuf20-0585 8752 1 2 3 4 -5 6 7 8 9 10 -11 -12 13 14 15 16 17 18 19 20 0
wuf20-0586 10166 1 -2 -3 4 5 6 7 -8 9 10 11 12 13 14 15 16 17 -18 19 -20 0
wuf20-0587 8075 1 2 -3 4 5 6 -7 -8 -9 10 -11 12 13 -14 15 16 -17 -18 19 20 0
wuf20-0588 9493 1 -2 3 -4 5 6 7 8 9 10 11 -12 -13 14 15 16 17 18 19 20 0
wuf20-0589 8872 1 2 3 4 5 -6 7 8 9 10 -11 12 13 14 15 16 17 18 19 20 0
wuf20-059 7671 1 2 -3 -4 5 6 7 8 -9 10 11 12 -13 -14 -15 16 17 18 -19 20 0
wuf20-0590 9728 -1 -2 3 4 5 6 -7 8 9 10 -11 -12 13 14 -15 16 17 -18 19 20 0
wuf20-0591 7847 -1 2 3 4 5 6 -7 -8 -9 10 -11 12 -13 14 15 16 17 18 19 -20 0
wuf20-0592 8923 1 2 3 -4 5 6 -7 8 9 10 11 -12 -13 -14 15 16 -17 -18 19 20 0
wuf20-0593 10417 -1 2 3 4 5 -6 7 8 9 10 -11 12 13 14 15 16 -17 -18 19 20 0
wuf20-0594 8140 1 2 -3 4 5 6 7 8 -9 -10 11 12 13 14 15 16 17 18 19 -20 0
wuf20-0595 9078 -1 2 3 4 5 6 7 8 9 10 11 -12 13 14 -15 16 17 18 19 -20 0
wuf20-0596 8421 1 -2 3 4 -5 6 -7 -8 9 -10 -11 12 13 14 15 16 17 18 19 20 0
wuf20-0597 9578 1 2 3 4 -5 6 7 8 9 10 -11 12 13 14 -15 -16 17 18 19 20 0
wuf20-0598 9081 1 2 3 4 5 6 7 8 9 -10 11 12 -13 14 15 16 17 -18 -19 -20 0
wuf20-0599 9608 1 -2 3 -4 5 6 7 8 -9 10 11 -12 13 14 15 16 -17 18 19 -20 0
wuf20-06 4423 1 2 -3 4 5 -6 7 8 9 10 11 12 13 14 15 16 17 18 19 20 0
wuf20-060 7547 1 2 3 -4 5 6 7 8 9 -10 11 12 -13 14 15 16 17 18 19 20 0
wuf20-0600 8402 1 -2 -3 -4 5 6 7 8 9 10 11 12 -13 -14 15 16 17 -18 19 -20 0
wuf20-0601 9088 -1 2 -3 -4 5 6 7 8 -9 -10 11 12 13 -14 15 16 17 18 -19 20 0
wuf20-0602 7496 -1 2 3 4 5 6 -7 8 -9 10 11 12 13 14 15 16 17 -18 19 20 0
wuf20-0603 8565 1 2 -3 -4 5 -6 7 8 9 -10 11 -12 -13 14 15 16 -17 -18 19 20 0
wuf20-0604 8668 1 2 3 4 5 6 7 -8 -9 10 11 12 -13 14 15 16 17 18 19 20 0
wuf20-0605 10875 1 2 3 4 5 6 -7 8 9 -10 11 12 13 -14 -15 16 17 -18 19 20 0
wuf20-0606 8214 -1 2 3 -4 5 6 7 8 9 -10 11 12 13 -14 15 16 17 18 19 20 0
wuf20-0607 8710 1 -2 3 4 5 6 7 8 9 10 11 12 13 -14 15 16 -17 18 19 20 0
wuf20-0608 10034 -1 -2 3 4 5 -6 7 8 -9 10 11 12 13 14 15 16 -17 -18 19 20 0
wuf20-0609 9187 -1 2 3 -4 -5 6 7 8 9 -10 11 12 13 14 -15 16 17 -18 19 20 0
wuf20-061 5502 1 2 3 -4 5 -6 7 8 9 10 -11 -12 13 14 15 16 17 18 19 20 0
wuf20-0610 7789 1 2 3 -4 5 6 7 8 9 -10 11 12 13 -14 15 16 17 -18 19 20 0
wuf20-0611 11277 1 2 3 4 5 6 7 8 9 10 11 -12 13 -14 15 -16 -17 -18 -19 20 0
wuf20-0612 5336 -1 2 3 4 -5 6 -7 8 9 10 -11 12 13 14 15 -16 17 -18 19 20 0
wuf20-0613 5505 -1 2 3 4 5 6 -7 8 9 -10 11 -12 13 14 -15 16 17 18 19 -20 0
wuf20-0614 4636 1 -2 3 4 5 -6 7 -8 9 10 11 -12 -13 -14 15 16 17 -18 -19 20 0
wuf20-0615 4881 1 2 3 -4 5 6 7 8 -9 -10 11 -12 -13 -14 -15 16 17 18 19 20 0
wuf20-0616 5268 1 2 -3 4 -5 -6 7 8 -9 -10 -11 12 13 -14 -15 -16 17 18 19 20 0
wuf20-0617 5107 1 2 3 4 5 -6 7 8 9 -10 -11 12 -13 14 15 16 17 -18 -19 20 0
wuf20-0618 4874 1 2 3 4 5 6 7 -8 9 10 11 12 13 14 -15 -16 17 18 19 20 0
wuf20-0619 5441 1 -2 -3 4 5 6 7 8 9 10 11 12 13 14 15 16 17 18 19 -20 0
wuf20-062 5336 1 -2 3 -4 5 6 7 8 9 -10 -11 12 13 -14 -15 16 17 18 -19 20 0
wuf20-0620 5876 1 2 3 4 5 6 7 8 -9 10 11 -12 13 14 -15 16 -17 18 -19 -20 0
wuf20-0621 5167 1 2 3 4 -5 6 7 8 9 10 -11 -12 13 14 15 16 17 18 -19 20 0
wuf20-0622 6567 1 2 -3 -4 5 -6 7 -8 -9 -10 11 12 13 -14 15 16 17 -18 19 20 0
wuf20-0623 5156 1 2 3 4 5 -6 7 8 9 -10 -11 12 13 14 15 16 17 -18 19 20 0
wuf20-0624 5802 1 -2 3 -4 5 -6 7 -8 9 -10 -11 12 13 -14 -15 16 -17 18 -19 20 0
wuf20-0625 4427 -1 2 -3 4 -5 6 7 8 -9 -10 11 12 13 14 15 16 -17 18 -19 20 0
wuf20-0626 5235 1 -2 3 -4 -5 -6 -7 8 9 10 11 12 -13 14 -15 16 17 18 19 -20 0
wuf20-0627 5306 1 -2 -3 4 5 -6 7 8 9 -10 11 12 13 14 15 16 17 18 19 20 0
wuf20-0628 4858 1 2 3 4 5 6 -7 8 -9 10 11 12 13 14 15 16 17 18 19 -20 0
wuf20-0629 4929 -1 2 3 -4 5 -6 7 8 9 10 11 12 -13 -14 15 16 -17 18 19 20 0
wuf20-063 5782 1 2 3 -4 5 6 -7 8 9 -10 11 12 13 -14 -15 16 17 18 19 20 0
wuf20-0630 4693 -1 -2 -3 4 5 6 7 8 -9 10 -11 12 13 14 15 16 17 18 19 -20 0
wuf20-0631 5574 1 2 3 4 5 -6 7 8 -9 10 11 12 13 -14 15 -16 17 18 19 20 0
wuf20-0632 4978 -1 2 3 -4 -5 6 -7 8 9 10 11 12 -13 14 15 16 17 -18 19 -20 0
wuf20-0633 4797 1 2 3 -4 -5 6 7 8 9 10 -11 12 -13 14 15 16 17 18 19 20 0
wuf20-0634 5383 1 2 3 -4 5 6 7 -8 9 10 11 12 -13 -14 15 -16 17 18 19 -20 0
wuf20-0635 5483 1 -2 3 4 5 6 7 8 9 10 11 12 13 -14 15 16 17 18 19 20 0
wuf20-0636 5434 1 2 3 -4 -5 6 7 8 9 10 11 -12 13 -14 -15 16 17 18 19 20 0
wuf20-0637 5206 1 2 -3 4 5 6 7 -8 -9 10 -11 12 -13 -14 15 16 17 -18 -19 20 0
wuf20-0638 5685 1 2 3 4 5 6 7 -8 9 10 11 12 13 14 15 16 -17 18 -19 -20 0
wuf20-0639 4726 1 -2 3 4 5 6 7 8 9 10 11 -12 13 -14 15 -16 17 -18 19 20 0
wuf20-064 5082 1 2 3 -4 5 -6 -7 8 9 10 11 12 -13 14 15 16 17 -18 19 20 0
wuf20-0640 5277 1 2 -3 -4 5 6 -7 -8 9 10 -11 12 13 14 15 16 17 18 19 20 0
wuf20-0641 4540 1 2 -3 4 -5 6 7 8 9 -10 -11 -12 -13 14 -15 16 17 18 19 20 0
wuf20-0642 5445 -1 2 3 -4 5 6 -7 8 -9 -10 11 12 13 14 15 16 -17 18 19 20 0
wuf20-0643 5352 1 2 3 4 5 6 7 8 -9 10 -11 12 13 14 15 -16 17 18 19 -20 0
wuf20-0644 4643 -1 2 3 4 5 -6 7 -8 9 10 11 12 13 14 15 -16 17 18 19 20 0
wuf20-0645 5484 1 2 -3 -4 5 6 7 -8 9 10 -11 12 13 14 15 16 17 18 19 20 0
wuf20-0646 5536 1 -2 -3 4 5 -6 7 -8 9 10 11 12 13 14 15 16 -17 18 19 20 0
wuf20-0647 5343 1 -2 3 -4 5 6 -7 8 9 10 11 12 13 14 -15 16 -17 18 19 20 0
wuf20-0648 5692 1 2 3 4 5 6 -7 8 9 10 -11 12 13 -14 15 16 17 -18 19 20 0
wuf20-0649 5301 -1 2 3 4 5 -6 7 8 9 -10 11 12 -13 14 15 16 -17 18 -19 -20 0
wuf20-065 4470 1 2 3 4 5 6 -7 8 -9 10 11 -12 13 14 -15 16 17 18 19 -20 0
wuf20-0650 5972 1 2 3 -4 -5 6 7 8 9 10 11 -12 13 14 -15 16 17 -18 -19 20 0
wuf20-0651 4569 1 -2 3 4 5 6 7 8 9 10 -11 12 -13 14 -15 16 17 18 19 20 0
wuf20-0652 4775 -1 -2 3 4 5 6 7 8 -9 10 11 12 13 14 -15 16 -17 18 19 20 0
wuf20-0653 5641 1 2 3 -4 5 6 7 -8 9 -10 11 12 -13 14 -15 16 -17 18 19 20 0
wuf20-0654 6938 -1 2 -3 -4 5 6 7 -8 9 10 11 -12 13 14 15 16 17 18 19 -20 0
wuf20-0655 5799 1 2 -3 -4 5 6 -7 8 -9 10 11 12 13 -14 -15 16 17 -18 -19 20 0
wuf20-0656 5405 1 -2 3 -4 -5 6 7 -8 9 10 -11 -12 13 14 15 16 -17 18 -19 20 0
wuf20-0657 4482 1 2 -3 4 -5 6 7 -8 -9 10 11 12 13 14 -15 16 17 18 -19 20 0
wuf20-0658 5524 -1 -2 3 4 -5 6 -7 8 9 10 11 12 13 -14 -15 16 17 -18 19 20 0
wuf20-0659 5378 1 2 -3 4 -5 -6 -7 8 9 10 11 -12 13 -14 15 16 17 18 19 20 0
wuf20-066 4184 1 2 -3 4 5 6 7 -8 9 -10 11 12 -13 14 15 16 17 18 19 20 0
wuf20-0660 4999 1 2 -3 -4 5 6 -7 8 9 10 11 12 13 14 15 16 17 18 19 -20 0
wuf20-0661 4474 -1 2 3 -4 -5 6 7 8 9 10 11 12 13 14 15 16 17 18 -19 20 0
wuf20-0662 5355 1 2 -3 4 5 6 -7 8 9 10 -11 12 13 14 15 16 17 18 19 20 0
wuf20-0663 5127 1 2 -3 4 -5 6 7 8 9 10 -11 12 -13 14 15 -16 17 -18 19 20 0
wuf20-0664 4728 1 2 3 4 5 6 -7 8 9 10 11 12 13 -14 -15 16 17 18 19 20 0
wuf20-0665 5198 1 2 -3 -4 5 -6 7 8 9 -10 11 12 13 14 15 16 17 18 19 -20 0
wuf20-0666 4833 1 2 -3 4 5 6 7 -8 -9 10 11 -12 -13 -14 15 16 17 18 19 20 0
wuf20-0667 5694 1 -2 -3 4 5 -6 7 8 9 10 11 12 13 14 -15 -16 17 18 19 20 0
wuf20-0668 4797 1 2 3 4 5 -6 7 8 -9 10 11 -12 13 14 15 16 17 18 19 20 0
wuf20-0669 5290 1 2 3 -4 5 -6 7 -8 9 10 11 12 13 -14 15 16 -17 18 19 20 0
wuf20-067 7038 -1 2 3 4 5 6 -7 8 9 10 11 12 -13 14 15 -16 -17 18 19 20 0
wuf20-0670 5024 1 2 -3 4 5 -6 7 8 9 10 -11 12 13 14 -15 16 17 18 -19 -20 0
wuf20-0671 5401 -1 2 3 4 5 6 7 8 -9 10 -11 12 13 -14 15 16 17 -18 19 20 0
wuf20-0672 5870 -1 -2 -3 4 5 6 7 8 9 -10 -11 -12 13 14 15 16 17 18 19 20 0
wuf20-0673 6081 -1 2 -3 4 5 6 -7 -8 -9 10 11 12 -13 14 -15 16 -17 -18 19 20 0
wuf20-0674 4608 1 -2 3 4 5 -6 -7 -8 -9 10 11 12 13 14 15 16 17 -18 -19 -20 0
wuf20-0675 4832 1 2 -3 4 5 6 -7 8 9 -10 -11 12 13 14 15 16 17 18 19 20 0
wuf20-0676 5510 1 2 3 4 5 6 -7 -8 -9 10 11 12 13 -14 15 -16 17 -18 19 20 0
wuf20-0677 5291 -1 -2 3 4 5 6 7 8 9 10 11 -12 -13 14 -15 16 17 18 19 20 0
wuf20-0678 5086 -1 2 3 4 5 -6 7 8 9 10 11 12 13 14 -15 16 17 18 -19 -20 0
wuf20-0679 5090 1 2 3 4 5 -6 7 8 9 10 -11 -12 13 14 15 16 17 18 19 -20 0
wuf20-068 5384 1 2 3 4 5 6 7 8 9 -10 -11 12 13 14 15 -16 -17 18 19 20 0
wuf20-0680 5790 1 2 3 4 5 6 -7 8 9 10 11 12 -13 14 15 16 17 18 19 20 0
wuf20-0681 4661 1 -2 -3 4 5 6 7 8 9 -10 -11 12 13 14 15 -16 -17 18 -19 20 0
wuf20-0682 4782 -1 2 -3 -4 -5 6 -7 8 9 10 11 -12 13 14 15 16 17 18 19 20 0
wuf20-0683 6717 1 -2 -3 -4 -5 6 7 8 -9 10 11 -12 13 14 15 16 17 -18 19 20 0
wuf20-0684 5282 1 2 3 -4 -5 -6 7 8 -9 -10 11 12 13 14 15 16 17 18 19 -20 0
wuf20-0685 5168 -1 2 -3 -4 5 -6 7 8 9 10 11 -12 13 14 15 16 17 -18 19 -20 0
wuf20-0686 5228 1 2 3 4 5 -6 -7 8 9 -10 -11 -12 13 14 15 16 17 -18 19 -20 0
wuf20-0687 6216 1 2 3 4 5 6 -7 -8 -9 -10 11 12 13 -14 15 16 17 18 19 20 0
wuf20-0688 5411 1 2 -3 4 5 6 7 8 9 10 11 12 13 14 15 16 -17 -18 19 20 0
wuf20-0689 5018 -1 2 3 -4 -5 6 7 8 9 -10 11 12 -13 -14 -15 16 17 18 19 -20 0
wuf20-069 4994 1 2 3 -4 5 6 7 8 9 10 11 12 13 14 15 -16 -17 -18 19 -20 0
wuf20-0690 4997 1 2 -3 4 -5 -6 -7 8 9 10 11 -12 13 14 15 16 17 -18 19 -20 0
wuf20-0691 3904 1 2 -3 4 5 6 7 8 9 10 -11 12 -13 -14 15 16 17 -18 19 20 0
wuf20-0692 5157 1 2 -3 4 5 6 7 -8 9 10 11 12 13 14 15 16 17 18 19 20 0
wuf20-0693 4752 -1 -2 3 -4 5 6 7 8 9 10 11 -12 13 14 15 -16 17 18 -19 20 0
wuf20-0694 6137 -1 2 3 4 5 6 -7 -8 9 10 11 12 -13 -14 -15 -16 17 18 19 20 0
wuf20-0695 4998 -1 2 3 4 -5 6 7 8 9 10 11 12 13 -14 15 16 17 18 19 -20 0
wuf20-0696 4515 1 2 3 4 5 6 7 8 9 -10 -11 12 -13 14 15 -16 -17 18 -19 -20 0
wuf20-0697 5275 1 2 3 -4 5 -6 7 8 9 10 11 12 13 14 -15 16 17 18 19 -20 0
wuf20-0698 5562 -1 -2 3 4 5 6 7 8 9 10 -11 12 13 14 15 16 17 18 19 -20 0
wuf20-0699 5145 1 -2 -3 4 5 -6 -7 8 9 10 11 12 13 -14 15 16 17 18 19 20 0
wuf20-07 4858 -1 2 3 4 -5 6 7 8 9 -10 11 12 13 14 15 -16 -17 18 19 20 0
wuf20-070 4857 1 2 3 4 5 6 -7 8 9 -10 11 12 13 14 -15 -16 17 18 19 -20 0
wuf20-0700 5464 1 2 3 4 5 6 7 -8 9 10 11 12 -13 14 15 16 -17 18 19 20 0
wuf20-0701 4634 1 2 3 4 -5 -6 7 8 9 -10 -11 12 13 -14 -15 -16 -17 -18 -19 -20 0
wuf20-0702 5341 1 2 3 4 5 6 -7 -8 9 10 11 12 13 14 15 -16 17 18 19 20 0
wuf20-0703 5722 1 2 3 4 -5 6 7 -8 -9 -10 11 -12 -13 14 -15 16 17 18 19 20 0
wuf20-0704 6069 -1 2 3 -4 -5 6 7 -8 9 10 11 12 -13 14 -15 16 17 18 19 20 0
wuf20-0705 4013 1 2 3 4 5 6 7 -8 9 -10 11 12 13 -14 15 16 17 18 19 20 0
wuf20-0706 5191 1 -2 3 4 -5 6 7 8 9 10 11 -12 13 -14 15 -16 17 18 19 20 0
wuf20-0707 4640 1 2 3 4 -5 -6 7 -8 9 10 11 12 -13 14 15 -16 17 18 19 -20 0
wuf20-0708 5207 1 2 3 4 5 6 7 -8 9 10 11 12 13 14 -15 -16 17 18 19 -20 0
wuf20-0709 4629 1 -2 3 4 5 6 -7 8 9 10 11 -12 13 14 15 16 17 18 19 20 0
wuf20-071 4596 1 2 -3 4 5 6 -7 -8 -9 -10 11 12 13 -14 15 -16 -17 -18 -19 20 0
wuf20-0710 5760 1 -2 3 4 -5 6 7 8 -9 -10 11 12 13 -14 -15 16 17 18 19 20 0
wuf20-0711 5717 -1 2 -3 4 -5 -6 -7 8 9 10 11 12 -13 14 15 16 17 18 19 20 0
wuf20-0712 5175 -1 2 3 -4 -5 6 -7 -8 -9 10 -11 12 13 14 -15 -16 17 18 19 20 0
wuf20-0713 5382 1 2 -3 4 5 6 -7 8 9 10 11 -12 13 14 15 16 17 18 19 20 0
wuf20-0714 5422 -1 2 -3 4 5 -6 -7 8 9 10 11 12 13 14 15 16 17 18 19 20 0
wuf20-0715 5615 -1 -2 3 4 -5 6 -7 8 9 10 11 -12 13 14 15 16 -17 -18 19 20 0
wuf20-0716 3995 1 2 -3 4 5 6 -7 8 -9 10 -11 -12 13 14 15 16 17 18 -19 20 0
wuf20-0717 5823 1 2 3 4 5 -6 7 8 -9 10 -11 12 -13 14 15 -16 -17 18 -19 -20 0
wuf20-0718 4492 1 2 -3 4 -5 6 7 -8 9 10 11 12 -13 -14 -15 16 17 -18 19 20 0
wuf20-0719 5017 1 2 3 4 5 6 -7 -8 9 -10 -11 12 -13 14 15 16 17 18 19 20 0
wuf20-072 5119 1 -2 -3 4 5 6 7 8 9 10 11 12 -13 14 -15 -16 17 -18 19 20 0
wuf20-0720 5145 1 2 3 4 5 6 7 8 9 10 11 -12 -13 14 15 16 -17 18 19 20 0
wuf20-0721 4630 1 2 3 4 -5 -6 7 -8 9 -10 11 12 13 14 15 16 17 18 19 20 0
wuf20-0722 5930 1 2 -3 4 5 6 7 8 -9 10 11 12 -13 14 15 16 17 18 19 -20 0
wuf20-0723 4778 1 -2 3 4 5 6 7 8 9 10 -11 12 -13 14 15 -16 17 18 19 20 0
wuf20-0724 5010 1 2 3 4 5 6 7 8 -9 10 11 12 13 14 15 16 17 18 19 20 0
wuf20-0725 5000 -1 -2 3 4 5 6 -7 8 9 10 -11 12 13 -14 15 16 17 -18 19 20 0
wuf20-0726 5013 1 2 -3 4 -5 6 -7 8 9 10 11 12 -13 -14 15 16 17 18 19 20 0
wuf20-0727 5536 1 2 3 4 5 6 -7 8 9 10 11 12 13 -14 15 16 17 -18 19 20 0
wuf20-0728 5545 1 -2 3 4 -5 6 7 8 9 10 -11 12 13 -14 15 16 17 -18 -19 -20 0
wuf20-0729 4971 1 -2 3 4 -5 -6 7 -8 9 -10 11 12 -13 14 -15 16 17 18 -19 20 0
wuf20-073 4085 1 2 3 4 5 6 7 8 9 -10 -11 12 13 -14 -15 16 17 18 19 20 0
wuf20-0730 4484 -1 2 -3 -4 5 -6 7 -8 9 10 -11 12 -13 14 -15 16 17 -18 19 20 0
wuf20-0731 4529 -1 2 3 4 -5 6 7 8 9 -10 -11 12 13 -14 -15 16 -17 18 -19 20 0
wuf20-0732 5121 1 2 -3 -4 5 6 -7 8 9 10 11 12 13 14 15 16 17 18 -19 -20 0
wuf20-0733 5052 1 2 3 4 5 6 7 8 9 -10 11 -12 13 14 15 16 17 -18 19 -20 0
wuf20-0734 5249 1 2 -3 4 5 6 7 8 9 10 11 12 13 14 15 16 17 18 19 20 0
wuf20-0735 4406 -1 2 -3 4 5 -6 -7 8 9 10 11 12 13 14 -15 -16 17 -18 19 20 0
wuf20-0736 5553 1 2 3 4 5 6 7 -8 9 10 -11 -12 -13 14 15 -16 17 18 19 20 0
wuf20-0737 4954 1 2 3 -4 -5 6 7 -8 -9 10 11 12 13 14 15 -16 -17 -18 -19 20 0
wuf20-0738 6381 -1 2 3 4 -5 6 7 8 9 10 11 -12 13 -14 -15 16 17 18 19 20 0
wuf20-0739 4109 1 2 3 4 5 6 7 -8 9 10 11 12 13 14 15 16 -17 -18 19 -20 0
wuf20-074 4680 1 2 3 4 5 6 -7 8 9 10 11 12 -13 14 15 16 17 18 -19 20 0
wuf20-0740 4914 1 -2 3 4 5 6 7 8 9 -10 -11 12 -13 14 15 16 17 18 19 20 0
wuf20-0741 5774 1 2 3 4 -5 6 7 8 9 10 -11 12 -13 -14 15 16 17 18 -19 20 0
wuf20-0742 5459 1 2 3 4 5 -6 7 8 9 10 11 12 -13 14 15 16 17 18 -19 20 0
wuf20-0743 4650 -1 -2 3 -4 5 -6 7 8 -9 10 11 12 13 14 15 16 17 18 -19 -20 0
wuf20-0744 5709 1 -2 3 -4 -5 -6 7 8 9 10 -11 12 13 -14 15 16 17 18 19 20 0
wuf20-0745 5688 1 -2 -3 4 5 6 7 8 -9 10 -11 12 13 -14 15 16 17 -18 -19 20 0
wuf20-0746 5042 1 2 3 4 5 6 7 8 9 10 -11 12 13 14 15 16 17 18 19 -20 0
wuf20-0747 4995 1 2 -3 4 5 6 -7 8 9 10 11 12 -13 -14 15 16 17 18 19 20 0
wuf20-0748 5247 1 2 3 4 -5 6 7 -8 9 10 11 -12 13 -14 15 16 -17 -18 -19 20 0
wuf20-0749 3635 1 2 3 4 5 -6 7 8 9 10 -11 12 13 14 15 16 17 18 19 20 0
wuf20-075 5035 1 -2 3 -4 5 -6 7 -8 9 10 11 12 -13 -14 15 -16 17 18 19 20 0
wuf20-0750 4186 1 2 3 4 5 6 7 8 9 10 11 12 13 14 -15 16 17 -18 19 20 0
wuf20-0751 5483 -1 2 3 4 5 6 7 8 -9 -10 11 12 13 14 15 -16 17 -18 19 20 0
wuf20-0752 5410 1 2 3 4 5 6 7 8 9 10 -11 -12 -13 14 15 16 -17 -18 19 -20 0
wuf20-0753 5213 1 2 -3 4 5 6 -7 8 9 -10 11 12 13 14 -15 16 17 18 19 -20 0
wuf20-0754 4476 1 2 3 4 5 6 7 8 9 10 -11 12 -13 14 -15 16 17 18 19 20 0
wuf20-0755 5415 1 2 3 4 5 6 7 -8 9 10 11 -12 13 14 15 16 17 18 -19 -20 0
wuf20-0756 4755 -1 2 -3 4 5 -6 7 8 9 -10 11 12 -13 14 15 16 -17 -18 19 -20 0
wuf20-0757 5015 1 2 3 4 5 6 -7 8 -9 10 11 12 13 14 15 16 17 18 19 20 0
wuf20-0758 4551 -1 2 3 4 5 6 7 8 9 10 11 12 13 14 15 -16 17 -18 19 20 0
wuf20-0759 5256 1 2 3 4 5 -6 -7 8 9 10 11 12 13 -14 15 16 17 18 -19 20 0
wuf20-076 6036 1 -2 -3 4 5 -6 7 -8 -9 10 11 12 13 14 15 16 17 -18 19 20 0
wuf20-0760 5336 1 -2 3 -4 5 6 7 8 9 10 -11 12 13 -14 -15 16 -17 18 19 20 0
wuf20-0761 5749 1 2 3 4 5 -6 7 8 9 10 11 -12 13 14 15 16 17 18 19 20 0
wuf20-0762 4609 1 -2 3 -4 5 -6 -7 8 9 10 -11 12 13 14 15 16 17 18 19 20 0
wuf20-0763 4382 1 2 3 4 5 6 -7 8 9 10 11 12 13 14 -15 16 17 18 -19 20 0
wuf20-0764 4647 1 -2 3 4 5 6 7 8 -9 10 -11 12 13 14 -15 16 17 18 19 20 0
wuf20-0765 4266 -1 -2 3 4 5 6 7 8 9 10 11 12 13 14 -15 16 17 18 19 -20 0
wuf20-0766 6272 1 2 3 -4 5 6 -7 8 9 10 11 12 13 14 15 16 -17 18 -19 20 0
wuf20-0767 5703 1 2 3 4 5 6 7 8 -9 10 11 12 -13 14 15 -16 -17 18 19 20 0
wuf20-0768 4262 1 2 -3 4 5 -6 7 -8 -9 10 11 12 13 -14 15 -16 -17 18 -19 20 0
wuf20-0769 4948 -1 2 -3 4 5 6 7 8 9 10 11 12 13 14 15 16 -17 18 -19 -20 0
wuf20-0770 5430 1 2 3 4 5 -6 7 8 9 -10 11 -12 13 14 15 -16 17 18 19 20 0
wuf20-0771 4819 -1 2 3 4 5 -6 7 8 9 10 11 -12 13 14 -15 16 17 18 -19 20 0
wuf20-0772 5379 1 -2 3 -4 -5 -6 7 8 9 10 11 12 13 14 15 16 -17 -18 19 20 0
wuf20-0773 5148 1 2 -3 -4 -5 6 7 8 -9 10 11 -12 -13 14 15 16 17 18 19 20 0
wuf20-0774 5024 -1 -2 -3 4 -5 6 7 8 9 -10 11 12 -13 14 15 16 -17 18 -19 20 0
wuf20-0775 5113 -1 2 3 -4 5 6 7 -8 9 -10 -11 12 -13 14 -15 16 -17 18 -19 20 0
wuf20-0776 6416 1 -2 3 4 5 -6 7 -8 9 -10 -11 12 -13 14 15 16 17 18 19 20 0
wuf20-0777 4563 1 2 -3 4 5 6 7 8 9 -10 -11 -12 -13 14 15 16 -17 18 19 20 0
wuf20-0778 5195 1 -2 -3 4 5 6 7 -8 9 10 11 -12 13 14 -15 -16 17 18 -19 -20 0
wuf20-0779 5728 -1 2 3 4 5 6 7 8 9 10 11 -12 13 14 15 16 -17 -18 -19 20 0
wuf20-078 5411 1 2 3 4 5 -6 7 -8 9 -10 11 12 -13 14 15 -16 17 18 19 20 0
wuf20-0781 4980 1 2 3 4 -5 -6 -7 8 9 10 11 -12 13 14 15 16 17 18 19 -20 0
wuf20-0782 4488 -1 -2 3 4 5 6 7 -8 9 10 11 12 -13 14 15 16 -17 -18 -19 20 0
wuf20-0783 5764 1 2 -3 4 -5 -6 7 8 9 -10 11 12 13 14 15 16 17 18 19 20 0
wuf20-0784 5297 1 -2 -3 4 5 -6 7 -8 9 10 11 12 13 14 15 16 -17 -18 19 20 0
wuf20-0785 4809 1 -2 3 -4 -5 6 7 8 9 10 11 12 13 -14 -15 16 17 18 -19 -20 0
wuf20-0786 5013 1 2 -3 4 5 -6 7 8 9 -10 -11 12 13 14 -15 16 17 -18 19 20 0
wuf20-0787 5177 1 2 3 4 -5 -6 -7 -8 -9 10 11 12 13 -14 15 -16 17 18 19 20 0
wuf20-0788 5410 1 2 -3 -4 5 6 7 8 9 10 11 -12 13 14 15 16 17 18 19 20 0
wuf20-0789 3653 1 2 3 4 -5 6 7 -8 9 10 11 12 -13 14 15 16 -17 18 19 20 0
wuf20-079 4759 1 -2 3 4 5 6 -7 -8 9 10 11 12 -13 14 15 -16 17 -18 -19 20 0
wuf20-0790 5343 -1 2 3 4 5 6 7 8 9 10 11 12 13 14 -15 16 -17 18 19 20 0
wuf20-0791 5270 1 2 3 4 -5 6 7 -8 9 10 11 -12 13 -14 15 16 17 18 19 20 0
wuf20-0792 5898 1 -2 -3 4 -5 -6 7 8 9 -10 11 12 13 14 15 -16 -17 18 -19 20 0
wuf20-0793 5998 1 -2 3 4 5 6 7 -8 9 10 11 -12 -13 14 15 16 17 18 19 20 0
wuf20-0794 4463 1 2 3 4 5 6 7 8 9 10 11 12 13 14 -15 16 -17 -18 -19 20 0
wuf20-0795 5718 1 2 -3 4 5 -6 -7 8 9 10 11 -12 13 -14 15 16 -17 18 -19 20 0
wuf20-0796 4187 1 -2 3 4 5 6 -7 8 -9 10 11 12 -13 -14 -15 -16 17 18 19 -20 0
wuf20-0797 6185 1 2 3 4 5 -6 7 8 9 10 11 -12 13 14 15 16 17 18 19 -20 0
wuf20-0798 3933 1 2 3 4 5 6 7 -8 9 -10 -11 -12 13 -14 15 16 17 18 19 20 0
wuf20-0799 5262 1 2 3 -4 5 6 -7 -8 9 10 11 12 13 14 15 16 17 18 19 -20 0
wuf20-08 5672 -1 -2 3 4 -5 6 7 8 9 -10 11 12 13 14 -15 16 17 -18 -19 20 0
wuf20-080 5571 1 2 3 4 5 -6 7 8 9 10 11 12 13 14 15 16 -17 -18 -19 20 0
wuf20-0800 4460 1 2 3 4 5 6 7 8 9 -10 11 12 -13 -14 -15 16 17 18 19 -20 0
wuf20-0801 5881 1 2 3 4 5 6 7 8 9 10 11 12 -13 14 15 16 17 18 19 -20 0
wuf20-0802 6000 1 2 3 -4 -5 -6 7 -8 9 10 11 12 13 14 -15 16 17 18 19 20 0
wuf20-0803 5072 -1 2 3 4 5 6 7 -8 9 10 -11 12 -13 14 15 16 -17 18 19 20 0
wuf20-0804 6243 1 2 3 4 5 6 7 8 -9 -10 11 12 -13 14 15 -16 17 18 19 20 0
wuf20-0805 5576 1 2 3 4 5 6 7 8 9 10 11 12 13 14 -15 16 17 -18 19 20 0
wuf20-0806 3890 1 2 -3 4 -5 6 7 8 9 -10 11 12 13 14 15 -16 17 -18 -19 20 0
wuf20-0807 6002 1 2 3 4 5 6 7 8 -9 -10 11 12 13 14 15 16 17 -18 19 -20 0
wuf20-0808 4784 1 2 -3 -4 5 6 7 8 -9 10 11 -12 13 -14 15 16 -17 18 19 -20 0
wuf20-0809 5056 -1 -2 3 4 -5 -6 7 8 9 10 -11 12 -13 14 15 16 17 18 19 20 0
wuf20-081 5533 1 2 3 4 5 6 7 8 9 10 11 -12 13 -14 15 16 17 18 19 -20 0
wuf20-0810 6958 1 -2 3 -4 5 6 -7 -8 9 10 11 -12 13 -14 15 16 -17 -18 19 20 0
wuf20-0811 4831 1 2 3 4 5 6 -7 8 9 10 11 -12 13 -14 15 16 17 18 -19 -20 0
wuf20-0812 4608 1 -2 -3 4 5 6 7 -8 9 -10 11 12 13 14 15 16 17 -18 19 20 0
wuf20-0813 5412 1 2 3 4 5 -6 7 -8 9 10 11 12 13 14 -15 16 17 18 -19 20 0
wuf20-0814 4862 1 2 3 4 5 6 -7 8 9 -10 11 12 13 14 -15 16 -17 18 19 20 0
wuf20-0815 5352 1 2 3 4 5 6 7 8 -9 -10 11 12 13 14 15 16 17 -18 19 -20 0
wuf20-0816 4874 1 -2 3 4 5 6 -7 -8 -9 -10 11 12 13 14 15 -16 17 18 19 20 0
wuf20-0817 5265 -1 -2 -3 4 -5 -6 7 8 9 10 11 12 13 -14 -15 16 17 18 -19 20 0
wuf20-0818 4905 -1 2 3 -4 5 6 -7 8 9 10 11 -12 -13 -14 15 16 17 18 19 20 0
wuf20-0819 5531 1 2 -3 4 5 6 7 8 9 -10 11 -12 13 14 15 16 17 18 19 20 0
wuf20-082 4851 -1 2 3 4 5 -6 -7 8 9 10 11 12 13 14 -15 16 17 18 -19 20 0
wuf20-0820 5035 1 2 3 4 5 6 7 8 9 10 11 12 -13 14 15 -16 17 -18 19 -20 0
wuf20-0821 4716 1 2 3 4 -5 -6 7 8 -9 10 -11 12 -13 14 15 16 -17 18 19 -20 0
wuf20-0822 6299 -1 2 -3 -4 5 6 7 8 9 10 11 -12 13 -14 -15 16 17 18 -19 -20 0
wuf20-0823 5473 -1 -2 3 4 5 6 -7 -8 9 10 11 12 13 14 -15 16 17 -18 19 20 0
wuf20-0824 5664 1 -2 3 -4 5 -6 -7 -8 9 10 11 12 -13 14 15 16 17 18 19 20 0
wuf20-0825 5357 1 2 -3 -4 -5 -6 7 8 -9 -10 11 12 13 14 15 -16 17 18 19 20 0
wuf20-0826 4550 1 -2 3 4 5 6 7 -8 9 10 11 12 13 -14 15 16 17 18 19 20 0
wuf20-0827 5117 1 2 -3 4 5 6 -7 -8 9 -10 -11 12 -13 14 -15 16 17 18 19 -20 0
wuf20-0828 6018 1 -2 3 4 5 6 7 8 9 10 11 12 13 14 15 -16 17 -18 19 20 0
wuf20-0829 5403 1 2 3 4 5 6 -7 8 9 10 11 12 -13 -14 -15 16 17 18 19 20 0
wuf20-083 4806 1 -2 3 -4 -5 6 -7 8 9 10 11 -12 13 14 15 16 17 18 -19 20 0
wuf20-0830 5975 1 -2 3 -4 5 6 -7 8 9 10 11 12 -13 14 -15 16 17 18 19 20 0
wuf20-0831 4919 -1 2 3 4 5 6 7 8 9 10 11 12 13 -14 15 16 17 -18 19 20 0
wuf20-0832 4727 1 -2 3 4 5 -6 -7 -8 -9 10 11 -12 13 -14 -15 16 17 -18 19 20 0
wuf20-0833 5279 -1 2 -3 4 -5 6 7 8 9 10 -11 12 -13 -14 -15 16 17 -18 -19 20 0
wuf20-0834 5605 -1 -2 3 4 5 6 7 -8 -9 -10 -11 12 -13 -14 15 16 -17 18 -19 20 0
wuf20-0835 5422 -1 2 3 4 5 6 7 8 9 -10 11 12 13 14 15 -16 17 18 19 20 0
wuf20-0836 4778 1 -2 3 -4 5 6 7 8 9 -10 -11 12 13 14 15 16 -17 -18 19 20 0
wuf20-0837 5208 1 -2 3 4 5 6 -7 -8 9 10 -11 12 13 14 -15 -16 17 18 19 -20 0
wuf20-0838 6548 1 -2 -3 -4 5 -6 7 8 9 -10 11 12 13 14 -15 16 17 18 19 20 0
wuf20-0839 4384 -1 -2 -3 4 5 6 7 -8 9 10 11 12 13 -14 15 16 17 -18 -19 20 0
wuf20-084 5175 1 2 3 4 -5 -6 7 8 -9 -10 11 12 13 14 15 16 17 18 -19 20 0
wuf20-0840 4968 1 2 3 -4 5 6 -7 8 -9 10 -11 12 13 14 15 16 17 18 19 -20 0
wuf20-0841 6015 1 2 3 4 -5 -6 -7 8 9 10 11 12 13 14 15 16 17 18 19 -20 0
wuf20-0842 5128 1 -2 3 -4 -5 6 -7 8 9 10 11 12 13 -14 15 16 -17 -18 -19 20 0
wuf20-0843 5656 1 -2 3 4 -5 -6 -7 8 9 -10 11 12 -13 14 15 16 17 18 19 20 0
wuf20-0844 5598 1 2 3 4 5 6 7 8 9 10 11 12 -13 14 15 16 17 18 19 20 0
wuf20-0845 5542 1 -2 3 -4 5 6 7 -8 9 10 -11 12 13 -14 -15 16 17 -18 19 20 0
wuf20-0846 5029 1 -2 3 4 5 6 -7 8 9 -10 11 12 13 14 15 16 17 18 -19 20 0
wuf20-0847 4980 -1 2 -3 4 -5 -6 7 -8 9 -10 11 12 13 14 15 16 -17 -18 19 20 0
wuf20-0848 4785 -1 2 3 4 5 -6 7 -8 9 10 11 12 -13 14 15 16 17 18 19 -20 0
wuf20-0849 4918 -1 2 3 4 5 6 7 8 -9 10 11 -12 13 14 15 -16 17 18 19 20 0
wuf20-085 4709 1 2 3 4 5 6 7 8 9 -10 11 12 -13 -14 15 -16 17 18 19 20 0
wuf20-0850 4901 1 2 -3 -4 5 -6 -7 8 9 -10 11 -12 -13 14 15 16 17 -18 19 20 0
wuf20-0851 6007 1 2 3 -4 5 6 -7 8 9 -10 -11 12 -13 14 15 16 17 -18 -19 20 0
wuf20-0852 6209 1 2 -3 4 5 -6 7 -8 -9 -10 11 12 13 14 -15 16 17 18 19 -20 0
wuf20-0853 5158 1 2 3 4 5 6 -7 8 9 -10 11 -12 13 14 -15 -16 17 18 19 20 0
wuf20-0854 5497 1 -2 3 -4 5 -6 -7 8 9 -10 11 -12 13 -14 15 -16 17 18 19 -20 0
wuf20-0855 4735 -1 2 -3 4 5 6 7 8 9 10 11 12 13 14 15 16 17 18 19 20 0
wuf20-0856 6705 -1 -2 3 4 5 -6 7 8 9 -10 11 12 13 14 15 -16 17 18 19 -20 0
wuf20-0857 5229 1 -2 -3 4 -5 6 7 8 9 -10 11 12 -13 -14 15 -16 17 18 19 20 0
wuf20-0858 4674 1 -2 3 4 5 -6 -7 8 -9 10 -11 12 13 -14 15 16 17 -18 19 20 0
wuf20-0859 5378 1 2 -3 4 5 6 -7 8 9 10 11 -12 13 14 15 16 17 18 19 20 0
wuf20-086 5815 1 2 3 -4 5 6 7 -8 9 10 11 12 13 -14 15 16 17 -18 -19 20 0
wuf20-0860 5028 -1 -2 -3 4 -5 6 7 8 9 -10 11 12 13 14 -15 16 17 18 19 20 0
wuf20-0861 6244 1 2 -3 4 5 -6 -7 -8 9 10 11 -12 13 14 15 16 17 18 -19 20 0
wuf20-0862 6254 1 -2 3 4 5 -6 7 8 9 -10 -11 12 13 14 15 16 17 -18 19 20 0
wuf20-0863 6332 -1 2 3 4 5 6 7 8 9 -10 11 -12 13 14 15 16 17 18 -19 20 0
wuf20-0864 5048 1 2 3 4 5 6 7 8 9 10 11 12 13 14 -15 16 -17 18 19 20 0
wuf20-0865 5303 1 -2 3 4 5 6 -7 8 9 -10 11 -12 13 14 15 -16 17 -18 19 -20 0
wuf20-0866 5250 1 -2 3 -4 5 6 -7 8 9 10 11 12 -13 14 -15 16 17 18 -19 20 0
wuf20-0867 4253 1 2 3 4 5 6 7 8 9 -10 11 12 13 14 15 16 17 -18 19 -20 0
wuf20-0868 5906 -1 2 3 4 -5 6 7 8 9 -10 -11 12 13 14 15 16 17 18 -19 20 0
wuf20-0869 5231 -1 2 3 -4 5 -6 7 8 9 10 11 12 -13 14 15 -16 17 18 19 20 0
wuf20-087 7232 1 2 3 -4 -5 6 7 8 -9 10 11 12 13 -14 15 16 17 18 19 20 0
wuf20-0870 4636 1 -2 3 4 5 -6 7 -8 9 10 11 12 -13 -14 15 16 17 18 19 20 0
wuf20-0871 5073 1 2 -3 4 -5 6 7 8 9 10 11 12 -13 14 -15 -16 17 18 -19 -20 0
wuf20-0872 5393 -1 2 3 4 -5 -6 7 8 -9 10 11 12 13 14 15 -16 17 -18 -19 20 0
wuf20-0873 4577 1 2 -3 4 5 6 7 -8 9 10 11 -12 13 14 15 16 17 18 19 20 0
wuf20-0874 4846 1 2 3 -4 5 6 7 -8 9 10 11 12 -13 14 15 16 -17 -18 19 20 0
wuf20-0875 4298 -1 2 3 -4 5 6 -7 8 9 10 11 12 13 14 -15 16 17 18 19 20 0
wuf20-0876 6930 1 2 3 -4 5 6 7 8 9 -10 -11 12 13 14 15 16 17 18 19 20 0
wuf20-0877 6948 -1 -2 -3 4 -5 6 7 8 9 -10 11 -12 13 14 15 16 17 18 -19 -20 0
wuf20-0878 6116 -1 -2 -3 4 -5 6 7 8 9 10 11 12 13 -14 15 16 -17 18 19 -20 0
wuf20-0879 5229 1 -2 3 -4 5 6 7 8 9 10 11 12 -13 -14 -15 16 17 18 19 20 0
wuf20-0880 5562 -1 2 -3 4 5 -6 7 8 -9 10 11 12 -13 14 -15 16 17 -18 -19 20 0
wuf20-0881 8963 1 2 3 4 -5 6 7 -8 9 -10 11 12 13 -14 15 16 17 18 19 20 0
wuf20-0882 5570 1 2 3 4 5 6 7 8 9 10 11 -12 13 14 15 16 -17 18 19 20 0
wuf20-0883 7706 -1 -2 3 -4 5 6 7 8 9 -10 11 12 13 14 -15 16 17 18 -19 -20 0
wuf20-0884 5528 1 2 3 4 5 6 7 -8 9 10 11 -12 13 14 15 16 17 -18 -19 -20 0
wuf20-0885 6700 1 2 -3 4 5 6 7 8 9 -10 11 12 13 14 15 -16 17 18 19 20 0
wuf20-0886 4634 1 2 -3 -4 5 6 -7 8 9 10 -11 -12 13 14 15 16 17 18 -19 20 0
wuf20-0887 5939 -1 2 -3 4 -5 6 7 -8 9 10 -11 12 13 14 15 16 17 18 -19 20 0
wuf20-0888 5955 1 2 3 -4 5 6 -7 8 9 10 11 -12 13 14 15 16 17 18 19 20 0
wuf20-0889 5242 1 -2 3 4 5 -6 -7 8 9 10 11 12 -13 14 15 -16 17 18 19 20 0
wuf20-089 6941 1 2 -3 4 5 6 7 8 -9 10 11 12 -13 -14 -15 -16 17 18 19 20 0
wuf20-0891 6786 -1 -2 -3 4 5 6 7 8 9 -10 11 12 13 -14 15 16 17 -18 19 -20 0
wuf20-0892 6116 1 -2 -3 4 5 6 7 8 9 10 11 12 13 14 -15 16 -17 18 -19 -20 0
wuf20-0893 5313 1 2 3 4 -5 6 7 8 9 -10 11 12 13 14 -15 16 -17 -18 19 -20 0
wuf20-0894 5895 1 2 3 4 5 6 7 8 -9 10 11 12 13 14 15 -16 17 18 -19 20 0
wuf20-0895 6545 1 2 -3 4 5 6 -7 8 9 10 11 -12 -13 14 15 16 17 18 -19 -20 0
wuf20-0896 5719 -1 2 3 -4 5 6 -7 8 9 -10 11 12 -13 14 15 16 17 18 -19 20 0
wuf20-0897 6306 1 -2 -3 4 5 -6 -7 8 9 10 11 12 13 14 15 16 17 18 19 -20 0
wuf20-0898 5920 -1 -2 -3 -4 -5 6 7 8 9 -10 -11 12 13 14 15 16 17 18 19 20 0
wuf20-0899 5744 1 2 -3 -4 5 6 -7 8 9 10 -11 12 13 14 15 16 17 18 19 20 0
wuf20-09 5767 1 2 -3 4 5 -6 7 -8 9 10 11 12 13 -14 -15 16 -17 18 19 20 0
wuf20-090 6924 1 2 3 4 5 6 7 8 -9 10 11 12 13 14 15 16 17 18 19 20 0
wuf20-0900 6209 1 -2 3 -4 5 6 7 8 9 -10 -11 12 13 14 -15 16 17 18 -19 20 0
wuf20-0901 5824 1 -2 -3 4 -5 6 7 8 9 10 11 12 -13 14 15 16 17 18 19 20 0
wuf20-0902 6431 1 2 3 4 5 6 7 -8 -9 10 11 12 13 14 15 16 17 -18 19 -20 0
wuf20-0903 5974 1 -2 3 4 5 6 -7 8 -9 10 -11 12 -13 14 15 16 -17 18 -19 20 0
wuf20-0904 6523 1 -2 3 4 5 6 -7 8 9 10 -11 12 13 14 15 16 -17 18 19 -20 0
wuf20-0905 7180 1 2 3 4 -5 -6 7 -8 9 10 11 -12 13 14 15 16 17 -18 -19 -20 0
wuf20-0906 7813 1 2 3 4 -5 6 7 8 -9 -10 11 12 -13 14 15 16 17 -18 -19 20 0
wuf20-0907 7289 1 2 3 4 -5 -6 7 -8 9 10 11 12 13 -14 -15 16 -17 18 -19 20 0
wuf20-091 5794 -1 2 3 4 -5 6 7 8 9 10 -11 12 13 14 15 16 17 18 -19 -20 0
wuf20-0910 6678 -1 -2 3 4 5 6 7 8 -9 -10 11 12 13 14 15 -16 17 -18 19 20 0
wuf20-0911 8307 1 2 3 -4 5 6 7 8 9 -10 11 12 13 14 15 16 17 18 19 -20 0
wuf20-0912 7172 -1 2 3 4 5 6 -7 8 -9 -10 11 12 13 -14 15 -16 17 18 19 20 0
wuf20-0913 6218 1 2 3 4 5 -6 7 8 9 10 11 12 -13 14 15 16 -17 18 19 -20 0
wuf20-0914 6799 1 2 3 4 5 6 7 -8 9 -10 -11 12 -13 14 15 16 17 18 19 20 0
wuf20-0915 5644 -1 2 -3 -4 5 6 7 8 -9 10 11 12 13 14 15 16 -17 18 19 -20 0
wuf20-0916 5563 1 2 -3 4 5 -6 7 8 -9 10 11 12 13 14 15 16 17 18 19 20 0
wuf20-0917 7064 1 2 -3 4 -5 -6 7 8 9 10 11 -12 13 -14 15 16 17 18 19 -20 0
wuf20-0918 4700 1 2 -3 -4 -5 6 -7 8 9 10 11 12 13 -14 15 16 17 18 19 20 0
wuf20-0919 5424 -1 2 3 4 -5 6 -7 -8 9 10 11 12 13 14 15 16 17 -18 19 20 0
wuf20-092 5950 1 2 3 4 5 6 7 8 -9 10 11 12 13 14 -15 16 17 18 19 20 0
wuf20-0920 5620 1 2 3 4 5 6 7 8 -9 10 11 12 13 14 -15 16 17 18 19 20 0
wuf20-0921 6457 -1 2 -3 4 5 6 7 -8 9 -10 11 -12 13 14 15 16 -17 18 19 20 0
wuf20-0922 6271 1 -2 -3 4 5 6 7 8 9 10 11 -12 13 14 15 16 17 18 19 20 0
wuf20-0923 5148 1 -2 3 -4 5 -6 7 8 9 10 11 12 13 -14 15 16 17 18 19 20 0
wuf20-0924 5408 1 2 3 4 5 6 7 8 9 -10 -11 12 -13 14 15 16 17 -18 -19 20 0
wuf20-0925 6801 -1 2 3 -4 5 6 7 8 9 10 -11 12 -13 14 15 16 17 18 19 -20 0
wuf20-0926 5860 1 2 -3 4 5 6 7 8 9 10 11 12 13 14 15 -16 -17 18 19 20 0
wuf20-0927 5819 1 2 -3 4 -5 6 7 -8 -9 -10 11 12 -13 14 -15 16 17 18 -19 -20 0
wuf20-0928 6586 1 -2 -3 4 5 -6 7 8 9 10 11 12 13 14 15 -16 17 18 19 20 0
wuf20-0929 5728 1 2 3 4 -5 6 7 -8 9 -10 11 12 -13 -14 15 16 17 18 19 -20 0
wuf20-093 5684 1 -2 3 4 5 6 7 -8 -9 10 11 -12 13 -14 -15 -16 17 -18 19 20 0
wuf20-0930 5872 1 2 -3 4 -5 -6 7 8 9 10 11 -12 -13 14 15 16 17 18 -19 20 0
wuf20-0931 6938 -1 2 -3 -4 5 6 7 8 9 10 11 12 13 -14 -15 16 17 -18 19 -20 0
wuf20-0932 6715 1 2 3 4 5 -6 7 8 9 10 11 12 -13 14 -15 16 17 18 19 20 0
wuf20-0933 6301 -1 2 3 4 5 6 -7 -8 9 -10 -11 -12 -13 14 15 -16 17 -18 -19 20 0
wuf20-0934 5014 1 2 3 4 5 -6 7 8 9 -10 11 -12 13 14 15 16 17 18 19 -20 0
wuf20-0935 6779 1 2 3 4 5 6 7 8 -9 10 -11 12 13 14 15 16 17 18 19 20 0
wuf20-0936 7663 1 2 3 4 5 6 -7 8 9 10 11 12 -13 14 15 16 17 -18 19 -20 0
wuf20-0937 5777 1 2 -3 -4 5 -6 -7 8 9 10 11 12 -13 14 15 -16 17 18 -19 20 0
wuf20-0938 6536 1 -2 -3 4 5 -6 7 8 -9 10 11 12 13 14 -15 16 17 -18 19 20 0
wuf20-0939 7695 -1 2 3 -4 5 -6 7 8 9 10 11 12 -13 14 -15 16 17 18 19 20 0
wuf20-094 5723 1 -2 3 -4 -5 6 7 -8 9 10 11 -12 -13 14 -15 16 17 -18 19 20 0
wuf20-0940 6141 -1 2 3 4 5 6 7 -8 9 -10 11 12 -13 14 15 16 17 -18 19 20 0
wuf20-0941 6120 -1 -2 3 4 -5 -6 -7 8 -9 -10 11 12 -13 14 15 -16 17 18 -19 -20 0
wuf20-0942 6452 1 2 -3 4 5 -6 7 8 9 -10 11 12 13 -14 15 -16 17 18 19 20 0
wuf20-0943 6395 -1 2 3 4 -5 -6 7 8 -9 10 11 12 13 14 15 16 17 18 19 -20 0
wuf20-0944 7104 1 2 -3 4 5 6 7 8 9 10 11 12 13 -14 15 16 17 -18 19 20 0
wuf20-0945 6261 1 2 -3 -4 5 6 -7 8 9 10 11 12 13 14 -15 -16 17 18 19 20 0
wuf20-0946 6451 1 -2 3 4 5 -6 7 -8 9 -10 11 12 13 14 -15 16 17 18 19 20 0
wuf20-0947 7623 1 -2 3 4 -5 -6 7 8 9 10 11 12 13 14 15 16 17 18 -19 20 0
wuf20-0948 5088 1 2 3 4 5 -6 7 8 -9 10 11 12 -13 14 15 16 17 18 19 20 0
wuf20-0949 5831 1 2 -3 4 -5 6 -7 8 9 10 11 12 -13 -14 15 16 17 -18 19 20 0
wuf20-095 6046 -1 -2 3 4 -5 6 7 8 9 10 11 12 -13 14 15 16 17 18 -19 20 0
wuf20-0950 5709 1 -2 -3 -4 5 6 -7 8 9 10 -11 12 -13 14 15 16 17 -18 -19 20 0
wuf20-0951 5894 1 2 -3 4 -5 6 7 8 9 -10 -11 12 13 -14 15 16 17 18 19 20 0
wuf20-0952 6089 1 2 3 4 5 -6 -7 -8 -9 10 11 12 -13 -14 -15 -16 -17 18 -19 -20 0
wuf20-0953 7534 1 -2 3 -4 5 6 7 8 9 10 11 12 13 14 -15 16 17 -18 -19 -20 0
wuf20-0954 5768 1 2 3 4 -5 6 7 8 9 -10 11 -12 13 14 15 16 -17 18 19 -20 0
wuf20-0955 6238 1 2 3 4 -5 -6 7 8 9 10 11 -12 13 14 15 16 17 18 19 20 0
wuf20-0956 5238 1 -2 3 -4 5 6 7 8 9 -10 11 -12 -13 14 15 -16 17 18 -19 -20 0
wuf20-0957 6098 1 -2 3 4 -5 6 7 8 9 10 11 12 13 14 15 16 17 18 -19 20 0
wuf20-0958 5950 -1 2 3 -4 5 6 -7 8 9 -10 11 12 -13 -14 15 16 -17 18 19 20 0
wuf20-0959 5773 1 2 3 4 -5 6 -7 -8 9 10 -11 -12 -13 14 15 16 17 18 19 -20 0
wuf20-096 6412 -1 2 3 4 5 6 7 8 9 10 11 -12 13 14 -15 16 17 18 19 20 0
wuf20-0960 5486 1 2 3 -4 -5 6 -7 -8 9 10 11 12 -13 -14 15 16 17 -18 -19 -20 0
wuf20-0961 5306 -1 -2 3 4 -5 -6 -7 -8 9 10 11 12 -13 -14 15 -16 -17 18 -19 20 0
wuf20-0962 7167 -1 2 -3 4 5 -6 7 8 9 10 -11 -12 13 14 15 16 17 18 19 -20 0
wuf20-0963 6185 1 -2 -3 4 5 -6 7 8 9 10 11 12 13 -14 15 16 17 18 -19 20 0
wuf20-0964 5823 1 2 -3 4 5 6 7 8 9 10 11 -12 -13 14 15 16 17 -18 19 20 0
wuf20-0965 6529 1 2 3 4 5 -6 7 -8 9 10 11 12 13 14 15 -16 -17 -18 19 20 0
wuf20-0966 5994 -1 -2 3 -4 5 6 7 8 9 10 11 12 13 14 15 16 17 18 19 20 0
wuf20-0967 6158 -1 2 -3 -4 5 6 7 8 9 -10 11 12 13 -14 15 16 -17 18 19 20 0
wuf20-0968 5389 1 2 3 -4 -5 6 -7 -8 9 10 11 -12 13 -14 -15 -16 17 18 19 20 0
wuf20-0969 6072 -1 2 3 4 5 6 7 8 -9 -10 11 12 -13 -14 15 -16 17 18 19 20 0
wuf20-097 5858 1 2 3 4 -5 -6 7 8 9 -10 -11 -12 13 14 15 -16 17 18 -19 20 0
wuf20-0970 5321 -1 -2 -3 4 5 -6 7 8 9 10 -11 12 13 -14 15 16 -17 18 19 20 0
wuf20-0971 7693 1 2 -3 4 5 -6 -7 8 9 10 11 12 -13 -14 -15 16 17 18 19 20 0
wuf20-0972 6542 1 2 3 4 5 6 -7 8 9 10 11 12 13 14 15 16 -17 -18 19 20 0
wuf20-0973 5730 1 2 3 4 5 6 7 -8 9 10 11 -12 13 14 -15 16 -17 18 19 20 0
wuf20-0974 5898 1 2 3 -4 5 6 -7 8 9 -10 11 12 -13 -14 15 16 17 -18 19 20 0
wuf20-0975 6241 1 2 3 4 5 -6 7 8 9 -10 11 12 13 14 15 16 17 18 19 -20 0
wuf20-0976 5363 1 2 3 4 5 -6 -7 -8 9 10 -11 12 13 14 15 16 17 -18 -19 20 0
wuf20-0977 6574 1 2 3 4 5 -6 7 -8 9 10 11 12 13 14 15 16 17 -18 19 20 0
wuf20-0978 5769 1 2 3 4 5 6 7 8 9 10 11 12 13 14 15 -16 17 18 19 20 0
wuf20-0979 5691 1 -2 -3 4 5 6 7 8 9 10 -11 12 13 14 -15 16 17 -18 19 20 0
wuf20-098 6423 1 2 -3 -4 5 6 -7 8 -9 10 11 12 13 14 15 16 17 -18 19 20 0
wuf20-0980 7330 -1 -2 3 -4 -5 6 7 8 9 10 11 12 13 14 -15 16 17 -18 19 20 0
wuf20-0981 6570 -1 2 3 4 -5 -6 7 8 9 10 11 12 -13 14 15 16 17 18 -19 -20 0
wuf20-0982 6401 1 -2 3 4 5 -6 -7 8 -9 10 11 -12 -13 14 -15 -16 -17 18 19 20 0
wuf20-0983 6208 1 2 -3 -4 5 6 7 -8 -9 10 11 12 13 14 15 -16 17 18 19 20 0
wuf20-0984 5269 1 2 3 4 -5 6 7 8 -9 -10 11 -12 -13 -14 15 16 17 18 19 -20 0
wuf20-0985 5824 1 2 3 4 5 6 -7 -8 9 10 11 12 13 14 -15 16 17 -18 19 20 0
wuf20-0986 7379 -1 2 3 4 -5 6 7 8 -9 10 -11 -12 13 -14 15 16 17 18 19 20 0
wuf20-0987 5802 1 2 3 4 5 6 7 8 9 10 11 12 -13 14 15 -16 -17 18 -19 20 0
wuf20-0988 7278 -1 2 -3 4 5 6 -7 8 -9 10 11 12 -13 14 15 16 -17 18 19 20 0
wuf20-0989 5706 -1 -2 -3 4 5 6 7 -8 9 10 -11 12 13 14 -15 -16 -17 18 19 20 0
wuf20-099 6830 -1 -2 3 4 5 6 -7 8 -9 10 11 12 -13 14 15 16 17 -18 -19 -20 0
wuf20-0990 5949 1 -2 3 -4 5 6 7 8 -9 10 11 12 13 -14 15 16 17 18 -19 20 0
wuf20-0991 6935 1 -2 3 4 5 6 -7 8 9 10 11 12 13 14 -15 16 17 18 19 20 0
wuf20-0992 5691 -1 -2 -3 4 -5 6 -7 8 9 10 11 12 -13 14 15 -16 17 -18 -19 -20 0
wuf20-0993 5577 -1 2 3 4 5 6 -7 8 -9 10 11 12 13 14 -15 16 17 18 19 20 0
wuf20-0994 7001 1 2 3 -4 5 6 7 8 9 10 11 12 13 -14 15 -16 17 -18 19 -20 0
wuf20-0995 5933 -1 -2 -3 4 5 6 7 8 9 10 11 -12 13 14 15 16 17 18 19 20 0
wuf20-0996 5953 1 2 -3 -4 5 6 7 -8 9 10 11 -12 13 14 15 16 17 18 19 20 0
wuf20-0997 6495 -1 2 3 -4 5 6 7 8 9 10 11 12 13 14 15 16 -17 18 -19 20 0
wuf20-0998 7162 1 2 3 4 -5 6 7 8 9 10 11 12 13 -14 15 16 17 18 19 20 0
wuf20-0999 6768 -1 2 -3 4 5 6 -7 8 -9 10 11 -12 13 14 15 16 -17 18 19 20 0
