wuf20-01 78800 1 2 3 4 -5 6 7 8 9 10 11 12 -13 14 -15 16 17 18 19 20 0
wuf20-010 57027 -1 2 3 4 5 6 7 8 9 10 11 12 13 14 15 16 -17 -18 19 20 0
wuf20-0100 60058 -1 2 3 4 5 6 -7 8 9 10 -11 -12 13 14 15 -16 17 -18 19 20 0
wuf20-01000 57881 -1 2 3 4 5 6 7 8 9 10 -11 12 13 14 -15 -16 -17 18 19 -20 0
wuf20-0101 68463 1 2 3 -4 -5 6 -7 8 9 10 11 12 13 14 15 -16 17 -18 19 20 0
wuf20-0102 71717 -1 2 3 4 -5 6 7 8 -9 -10 11 12 13 14 -15 -16 17 18 19 -20 0
wuf20-0103 56227 1 -2 3 4 5 6 -7 -8 -9 10 11 12 13 14 15 16 -17 18 19 20 0
wuf20-0104 62243 1 2 3 4 5 -6 7 8 9 -10 11 12 13 -14 15 16 17 -18 -19 20 0
wuf20-0105 56922 -1 2 3 4 5 6 -7 8 9 10 11 12 13 -14 15 -16 17 18 -19 20 0
wuf20-0106 61060 -1 2 3 4 5 6 7 8 9 10 11 12 13 14 15 16 -17 18 -19 20 0
wuf20-0107 73424 1 -2 -3 -4 5 -6 7 8 9 10 -11 12 13 14 -15 16 17 18 19 20 0
wuf20-0108 53854 1 2 3 4 5 6 7 8 9 10 11 -12 13 14 15 16 17 18 19 20 0
wuf20-0109 58973 1 2 3 -4 -5 -6 7 -8 9 10 11 -12 -13 14 -15 -16 -17 18 19 20 0
wuf20-011 55622 1 2 3 4 5 6 7 -8 -9 -10 11 12 13 14 -15 16 17 18 19 20 0
wuf20-0110 75559 1 -2 3 4 5 6 7 8 9 -10 11 -12 13 14 15 16 17 18 19 -20 0
wuf20-0111 53987 1 2 3 4 5 -6 7 -8 9 -10 11 12 13 -14 15 16 17 -18 19 20 0
wuf20-0112 63535 1 2 3 4 5 -6 7 -8 -9 -10 11 12 13 14 15 16 17 18 19 -20 0
wuf20-0113 58824 -1 -2 3 4 -5 6 7 8 9 10 11 -12 -13 14 15 16 17 18 19 20 0
wuf20-0114 57737 1 2 3 4 5 6 -7 8 9 -10 11 12 13 14 15 16 17 -18 19 20 0
wuf20-0115 63564 1 2 3 4 5 -6 7 -8 9 10 11 -12 -13 14 -15 16 17 18 -19 20 0
wuf20-0116 59297 1 2 -3 4 -5 6 7 8 9 -10 11 12 -13 14 -15 16 17 18 -19 -20 0
wuf20-0117 58081 -1 -2 -3 4 5 6 7 8 -9 10 11 12 13 14 15 16 17 18 19 -20 0
wuf20-0118 55111 1 -2 -3 4 5 -6 7 8 -9 10 11 -12 13 14 15 16 17 18 19 20 0
wuf20-0119 68154 1 -2 3 -4 5 6 7 -8 9 -10 11 12 13 14 15 16 -17 18 19 -20 0
wuf20-012 58881 1 2 -3 4 -5 6 -7 -8 9 -10 -11 12 13 14 15 -16 17 18 19 20 0
wuf20-0120 63893 1 -2 3 4 5 -6 7 -8 9 -10 11 12 -13 14 15 16 17 18 -19 20 0
wuf20-0121 57543 1 -2 3 4 -5 6 7 8 9 10 11 12 13 -14 15 16 17 18 19 20 0
wuf20-0122 58186 -1 2 3 4 5 6 7 8 9 -10 -11 12 -13 14 15 -16 17 18 19 20 0
wuf20-0123 54727 1 2 3 4 5 -6 7 8 9 10 -11 12 13 14 15 16 17 18 -19 20 0
wuf20-0124 59924 -1 2 3 4 5 -6 7 8 9 -10 11 12 13 14 15 -16 17 18 19 20 0
wuf20-0125 54036 1 2 3 4 5 6 7 8 -9 10 11 12 13 14 -15 16 17 18 19 20 0
wuf20-0126 60633 1 2 3 4 5 6 7 -8 9 10 11 12 -13 14 15 16 17 18 -19 20 0
wuf20-0127 67211 1 2 3 -4 5 -6 -7 8 9 10 11 12 13 14 15 -16 17 -18 -19 20 0
wuf20-0128 54497 -1 -2 3 4 5 6 7 8 -9 -10 11 12 13 -14 15 -16 17 18 19 20 0
wuf20-0129 83006 1 -2 3 4 -5 6 7 8 9 10 -11 12 -13 -14 -15 -16 17 18 19 20 0
wuf20-013 95930 1 2 3 4 5 -6 7 -8 9 10 -11 12 13 14 15 -16 17 18 19 20 0
wuf20-0130 64690 -1 2 3 4 5 6 7 8 -9 10 11 12 13 -14 -15 16 -17 18 -19 -20 0
wuf20-0131 58666 1 2 3 4 5 -6 7 8 9 -10 11 12 -13 14 15 16 17 18 19 20 0
wuf20-0132 64939 1 2 3 4 -5 -6 -7 8 9 10 11 -12 -13 -14 15 16 17 18 -19 20 0
wuf20-0133 53190 1 -2 3 4 5 6 7 -8 9 10 11 12 13 14 15 16 17 18 19 20 0
wuf20-0134 63259 1 2 -3 4 5 6 7 8 9 10 11 12 13 14 -15 -16 17 18 -19 -20 0
wuf20-0135 64657 -1 2 3 4 -5 6 7 8 9 -10 -11 12 13 14 -15 16 -17 18 19 20 0
wuf20-0136 59096 1 2 3 -4 5 6 7 8 -9 10 11 12 13 14 15 16 17 18 -19 20 0
wuf20-0137 79101 1 2 -3 4 -5 -6 7 8 9 10 -11 -12 13 14 15 16 -17 18 -19 20 0
wuf20-0138 53673 -1 2 3 -4 5 6 7 -8 9 -10 -11 12 13 -14 -15 -16 -17 -18 19 20 0
wuf20-0139 70798 -1 -2 -3 4 5 -6 7 8 9 10 11 -12 13 14 15 -16 -17 -18 19 -20 0
wuf20-014 60998 1 2 3 4 5 6 -7 8 -9 10 11 12 13 14 15 -16 17 18 19 -20 0
wuf20-0140 54896 1 2 3 -4 5 6 7 8 9 10 11 12 13 -14 15 16 17 18 19 20 0
wuf20-0141 67764 1 2 -3 -4 5 6 7 -8 9 10 11 12 -13 14 15 16 17 -18 19 20 0
wuf20-0142 59359 1 2 3 4 -5 -6 7 -8 -9 -10 11 12 13 14 15 16 17 18 19 20 0
wuf20-0143 72493 1 2 3 4 5 6 7 8 -9 10 11 12 13 14 15 16 17 18 19 -20 0
wuf20-0144 74705 1 2 3 4 -5 -6 7 -8 9 10 11 12 -13 14 -15 16 17 -18 -19 -20 0
wuf20-0145 60382 1 2 3 4 -5 6 7 8 9 -10 11 -12 13 14 15 -16 -17 18 -19 -20 0
wuf20-0146 77575 1 -2 3 4 -5 6 7 -8 9 10 -11 12 13 14 15 16 17 18 19 -20 0
wuf20-0147 60932 1 2 3 -4 -5 6 7 8 -9 10 11 12 13 -14 -15 16 17 -18 19 -20 0
wuf20-0148 54921 1 2 -3 4 5 6 7 8 -9 10 11 -12 13 -14 -15 16 17 18 19 20 0
wuf20-0149 73309 1 2 -3 4 5 6 -7 8 9 -10 -11 12 13 14 15 16 17 18 -19 20 0
wuf20-015 78651 -1 2 3 4 5 6 7 8 9 10 11 -12 13 14 15 -16 -17 18 19 -20 0
wuf20-0150 60705 -1 2 3 4 -5 -6 -7 8 -9 10 11 12 -13 14 -15 16 17 18 19 20 0
wuf20-0151 66776 1 2 3 4 -5 6 7 8 9 10 11 12 13 -14 15 16 17 18 -19 20 0
wuf20-0152 64681 1 2 -3 4 5 6 7 8 -9 -10 -11 12 -13 -14 -15 -16 17 18 19 -20 0
wuf20-0153 71822 1 2 3 4 5 6 7 8 -9 10 -11 -12 13 14 15 -16 17 18 19 -20 0
wuf20-0154 62795 -1 2 3 4 5 6 7 8 -9 10 -11 -12 13 14 -15 16 17 18 19 20 0
wuf20-0155 55817 1 2 3 4 5 6 -7 8 9 10 11 -12 13 14 15 16 -17 18 -19 20 0
wuf20-0156 70012 -1 -2 3 4 5 6 7 -8 9 -10 11 -12 -13 14 15 -16 -17 18 19 -20 0
wuf20-0157 72713 -1 2 3 -4 -5 6 7 8 9 10 11 12 -13 -14 15 16 17 -18 19 20 0
wuf20-0158 71149 1 2 3 4 5 6 7 8 9 10 -11 12 -13 14 -15 -16 17 -18 19 20 0
wuf20-0159 62209 1 2 -3 -4 -5 6 7 8 9 10 -11 12 13 14 -15 16 17 18 19 20 0
wuf20-016 62300 -1 2 3 4 5 6 7 8 9 -10 11 12 13 14 -15 -16 -17 18 -19 20 0
wuf20-0160 67262 1 2 -3 4 5 6 7 8 9 10 11 12 13 14 15 16 17 18 19 20 0
wuf20-0161 68193 1 2 3 4 5 6 -7 8 9 10 11 12 13 14 15 16 -17 -18 -19 20 0
wuf20-0162 67569 1 2 3 -4 5 6 7 8 9 10 -11 -12 -13 14 15 16 -17 18 19 20 0
wuf20-0163 64783 -1 2 3 4 5 6 7 8 9 10 11 12 13 14 15 16 -17 18 19 20 0
wuf20-0164 72576 -1 -2 3 -4 5 6 7 8 9 10 11 12 13 -14 15 -16 17 -18 19 20 0
wuf20-0165 59074 1 2 3 4 5 -6 -7 8 -9 10 11 12 13 14 15 -16 17 18 19 20 0
wuf20-0166 54208 1 2 3 4 -5 6 7 -8 -9 -10 -11 12 -13 14 -15 16 17 18 19 20 0
wuf20-0167 69223 1 2 -3 4 5 6 7 8 9 10 11 -12 13 14 15 16 -17 18 19 -20 0
wuf20-0168 57312 -1 -2 3 4 -5 -6 -7 8 9 -10 -11 12 13 14 15 16 17 -18 -19 -20 0
wuf20-0169 63475 -1 2 -3 4 5 6 7 8 9 10 11 -12 13 14 15 16 17 -18 -19 -20 0
wuf20-017 65746 1 2 3 4 5 6 7 8 9 10 11 12 -13 14 15 16 -17 18 19 20 0
wuf20-0170 60667 1 2 3 4 5 -6 7 8 9 -10 11 12 13 14 15 16 -17 -18 19 -20 0
wuf20-0171 72553 1 2 3 4 5 6 7 8 9 10 11 12 13 -14 -15 16 17 18 19 20 0
wuf20-0172 69863 -1 2 3 -4 5 6 7 8 -9 10 11 12 13 14 15 16 17 18 -19 -20 0
wuf20-0173 57048 1 2 -3 4 5 -6 7 -8 -9 10 11 12 -13 14 15 -16 17 -18 19 20 0
wuf20-0174 53772 1 -2 3 4 5 6 7 8 -9 10 11 -12 -13 14 15 -16 -17 18 19 20 0
wuf20-0175 57158 1 2 3 -4 -5 6 7 8 9 10 11 12 13 14 -15 16 -17 -18 19 20 0
wuf20-0176 62973 1 -2 -3 4 5 6 -7 8 9 -10 11 -12 13 14 15 16 -17 18 -19 20 0
wuf20-0177 59991 -1 2 3 4 5 6 7 8 9 10 11 12 -13 14 15 16 17 -18 -19 20 0
wuf20-0178 70378 -1 -2 3 4 5 -6 7 8 9 10 11 12 13 14 -15 -16 -17 18 19 20 0
wuf20-0179 62920 1 2 3 4 -5 6 7 8 -9 -10 11 12 13 -14 15 16 17 18 19 20 0
wuf20-018 66466 1 2 3 -4 5 -6 -7 8 9 10 -11 12 13 14 15 16 17 18 19 20 0
wuf20-0180 55809 1 2 3 4 -5 6 7 8 9 10 11 12 13 -14 15 -16 17 -18 -19 20 0
wuf20-0181 57948 -1 2 3 -4 5 6 7 -8 9 10 -11 12 13 14 15 16 -17 18 19 20 0
wuf20-0182 76511 -1 2 3 4 5 6 -7 -8 9 10 11 12 13 14 15 16 17 18 -19 20 0
wuf20-0183 68502 1 2 3 4 -5 6 -7 8 9 10 -11 12 -13 14 15 16 -17 18 19 -20 0
wuf20-0184 56723 1 2 3 -4 5 6 -7 -8 9 10 11 12 -13 -14 15 16 -17 -18 19 20 0
wuf20-0185 56052 1 2 -3 4 5 6 7 8 9 -10 11 -12 -13 14 15 16 17 -18 19 20 0
wuf20-0186 71053 -1 2 3 -4 5 6 7 8 9 10 -11 12 13 14 15 16 17 18 19 -20 0
wuf20-0187 68819 -1 2 3 -4 -5 6 7 8 9 -10 11 12 -13 14 15 16 17 -18 19 20 0
wuf20-0188 58923 -1 -2 3 4 5 6 -7 -8 9 -10 11 12 13 14 15 -16 17 -18 19 -20 0
wuf20-0189 50877 -1 2 3 4 5 6 7 -8 9 -10 11 -12 13 -14 15 16 -17 18 19 -20 0
wuf20-019 61031 1 2 3 4 5 -6 7 -8 -9 -10 11 12 13 14 -15 16 -17 18 19 -20 0
wuf20-0190 66457 1 2 3 4 5 6 7 8 -9 10 11 12 13 14 15 16 17 18 19 -20 0
wuf20-0191 66033 1 2 3 4 -5 6 -7 8 9 10 11 -12 13 14 15 16 17 18 19 20 0
wuf20-0192 64597 -1 -2 3 4 5 -6 7 8 9 10 -11 12 13 -14 15 16 17 18 -19 20 0
wuf20-0193 61198 1 2 3 -4 -5 -6 7 8 9 -10 11 12 13 14 15 -16 17 18 -19 20 0
wuf20-0194 64597 1 2 3 -4 -5 6 7 8 9 10 -11 12 13 14 15 -16 17 18 -19 -20 0
wuf20-0195 66579 1 2 3 4 5 -6 7 8 9 10 11 12 13 -14 15 16 17 18 -19 20 0
wuf20-0196 70717 1 2 3 4 5 6 7 -8 9 10 -11 12 13 14 15 16 -17 -18 19 20 0
wuf20-0197 61862 1 2 3 -4 -5 -6 -7 8 -9 10 -11 12 13 14 15 16 -17 18 19 20 0
wuf20-0198 55559 1 2 3 4 5 -6 7 8 -9 -10 11 12 13 -14 -15 16 17 18 19 -20 0
wuf20-0199 55661 1 2 3 -4 5 6 7 8 9 10 11 12 13 14 15 16 17 -18 19 20 0
wuf20-02 65072 -1 -2 3 4 5 6 7 8 9 10 -11 12 -13 14 15 16 -17 -18 19 -20 0
wuf20-020 62988 1 2 3 4 5 6 7 8 -9 -10 11 -12 13 14 15 16 -17 -18 -19 20 0
wuf20-0200 78928 1 -2 3 -4 5 -6 7 -8 9 -10 -11 -12 13 -14 15 16 17 18 -19 20 0
wuf20-0201 70015 1 2 3 4 5 6 7 -8 -9 10 -11 12 -13 14 15 16 17 -18 19 20 0
wuf20-0202 69014 1 2 3 4 5 6 -7 -8 9 10 11 12 13 14 -15 16 17 18 19 20 0
wuf20-0203 62860 -1 -2 -3 -4 5 6 -7 8 9 10 11 12 13 14 15 16 -17 18 19 20 0
wuf20-0204 61805 -1 2 -3 4 5 6 7 -8 9 10 11 12 -13 14 15 16 -17 -18 19 -20 0
wuf20-0205 60345 -1 2 3 4 -5 6 -7 -8 9 -10 11 12 13 14 15 16 17 18 -19 -20 0
wuf20-0206 59607 1 2 3 4 5 6 7 8 -9 10 11 12 13 14 15 -16 17 18 19 20 0
wuf20-0207 60271 1 2 3 4 5 -6 7 8 9 -10 11 12 13 14 15 16 -17 -18 -19 20 0
wuf20-0208 67277 1 2 -3 -4 5 6 -7 8 9 10 11 12 13 14 15 -16 17 18 19 -20 0
wuf20-0209 56222 1 2 3 -4 -5 -6 7 8 9 -10 11 12 13 14 15 -16 -17 18 19 -20 0
wuf20-021 57438 1 2 3 -4 -5 6 7 8 9 -10 11 12 13 14 15 16 -17 18 19 -20 0
wuf20-0210 82070 1 -2 -3 4 5 6 7 8 9 10 11 12 13 14 15 -16 -17 -18 19 -20 0
wuf20-0211 64382 1 2 3 4 5 6 7 8 -9 -10 11 12 13 -14 -15 16 17 18 19 20 0
wuf20-0212 62140 1 2 3 4 -5 6 7 8 9 10 11 -12 13 14 15 16 17 18 -19 -20 0
wuf20-0213 60374 1 2 3 4 -5 6 7 8 9 -10 11 12 -13 -14 -15 16 17 18 -19 -20 0
wuf20-0214 57761 1 2 -3 4 5 6 -7 8 9 10 11 -12 13 14 15 -16 17 18 19 20 0
wuf20-0215 69608 1 2 3 4 5 -6 7 8 9 10 11 -12 13 -14 15 -16 17 18 19 20 0
wuf20-0216 80400 -1 2 -3 -4 5 6 -7 -8 9 -10 11 -12 -13 14 15 16 17 18 19 20 0
wuf20-0217 63409 1 -2 -3 4 5 6 7 8 9 -10 11 12 13 14 15 16 17 18 19 20 0
wuf20-0218 72877 -1 2 -3 -4 5 6 7 8 9 10 11 12 13 14 -15 -16 17 18 -19 20 0
wuf20-0219 72281 1 2 3 4 -5 6 7 -8 9 10 11 -12 13 14 15 16 17 18 -19 20 0
wuf20-022 64227 1 2 -3 -4 -5 -6 7 8 9 10 11 12 13 -14 15 16 17 18 -19 20 0
wuf20-0220 68894 1 -2 3 -4 -5 6 7 -8 -9 -10 11 -12 13 14 15 16 17 18 19 20 0
wuf20-0221 58844 -1 2 3 4 5 6 -7 8 9 10 11 12 13 14 15 16 -17 -18 19 20 0
wuf20-0222 53162 1 2 3 4 5 6 7 8 -9 10 11 12 13 14 15 16 17 -18 19 20 0
wuf20-0223 54006 -1 2 3 4 5 6 7 8 9 -10 -11 12 13 14 15 16 17 18 19 20 0
wuf20-0224 64020 -1 -2 -3 4 5 -6 7 8 9 10 11 -12 13 14 -15 16 17 18 -19 20 0
wuf20-0225 74374 1 2 -3 4 -5 6 -7 8 9 10 -11 -12 -13 14 15 16 17 18 19 20 0
wuf20-0226 68330 -1 2 3 4 5 6 7 8 9 10 -11 12 13 14 -15 16 17 -18 19 -20 0
wuf20-0227 65259 1 2 3 4 5 6 7 8 9 -10 -11 12 13 14 15 16 17 18 19 20 0
wuf20-0228 76532 1 2 3 4 5 6 7 8 9 -10 11 12 -13 -14 -15 16 -17 18 19 20 0
wuf20-0229 61335 1 2 3 4 5 6 7 8 9 10 -11 -12 13 14 15 -16 17 18 19 20 0
wuf20-023 56676 1 2 3 4 -5 6 7 -8 9 10 -11 -12 13 14 -15 16 -17 -18 19 20 0
wuf20-0230 79570 1 2 -3 4 -5 6 7 8 9 -10 11 12 13 -14 15 16 -17 18 -19 20 0
wuf20-0231 80589 -1 -2 3 4 5 6 -7 8 9 -10 11 12 -13 14 -15 16 17 -18 19 20 0
wuf20-0232 61718 1 2 -3 -4 5 -6 7 8 9 10 11 -12 13 -14 15 16 17 18 19 20 0
wuf20-0233 48702 1 -2 3 4 5 -6 7 8 9 -10 11 -12 13 14 15 16 17 18 19 -20 0
wuf20-0234 57891 1 -2 3 4 5 6 -7 -8 9 10 11 12 -13 14 15 16 17 18 -19 20 0
wuf20-0235 56055 1 -2 3 4 5 6 7 8 9 10 11 12 -13 14 -15 16 -17 18 19 20 0
wuf20-0236 55250 1 -2 3 4 5 -6 7 -8 9 10 11 12 -13 -14 15 16 -17 18 -19 20 0
wuf20-0237 62051 1 -2 -3 4 5 6 -7 8 9 -10 -11 12 13 -14 15 16 -17 18 19 20 0
wuf20-0238 55963 1 2 3 4 -5 6 -7 8 9 10 11 12 13 -14 15 16 17 18 19 20 0
wuf20-0239 64652 1 2 3 4 5 6 7 8 -9 10 11 12 -13 14 15 16 17 18 -19 20 0
wuf20-024 63302 -1 -2 -3 -4 5 6 -7 8 9 10 11 -12 13 -14 15 16 17 18 19 20 0
wuf20-0240 70601 1 2 -3 4 5 6 7 8 9 -10 11 -12 -13 14 15 16 17 -18 19 20 0
wuf20-0241 67627 -1 2 3 4 5 6 -7 8 9 10 11 12 -13 14 15 -16 17 18 -19 20 0
wuf20-0242 57465 -1 2 3 4 -5 -6 7 8 9 10 11 12 13 14 15 16 -17 18 19 -20 0
wuf20-0243 70358 1 2 -3 -4 5 6 7 8 9 10 11 -12 13 -14 15 16 17 18 19 20 0
wuf20-0244 55218 -1 2 3 4 5 6 7 8 9 10 11 12 -13 14 15 -16 17 18 -19 -20 0
wuf20-0245 62276 -1 2 3 4 -5 6 -7 8 9 10 -11 -12 13 -14 15 16 -17 -18 19 -20 0
wuf20-0246 62472 -1 -2 3 4 5 6 7 8 9 10 11 12 -13 -14 -15 16 17 18 19 -20 0
wuf20-0247 63619 1 -2 3 -4 5 -6 7 -8 -9 10 -11 12 13 14 15 16 17 18 -19 20 0
wuf20-0248 58631 -1 2 3 -4 -5 6 7 8 9 -10 11 12 13 14 15 16 17 18 19 20 0
wuf20-0249 67975 1 2 -3 -4 5 6 7 8 -9 10 11 12 13 14 15 16 -17 18 19 20 0
wuf20-025 61293 1 2 3 4 5 -6 7 -8 9 10 11 -12 -13 14 15 16 17 18 19 20 0
wuf20-0250 53853 1 2 3 4 -5 6 7 8 9 10 11 12 13 14 15 16 17 18 -19 20 0
wuf20-0251 52170 1 -2 3 -4 5 6 7 8 -9 10 11 12 13 -14 15 16 17 18 19 -20 0
wuf20-0252 54327 1 2 3 -4 5 6 7 8 9 10 11 12 13 -14 -15 16 -17 18 -19 20 0
wuf20-0253 63321 1 2 3 -4 5 -6 7 8 9 10 11 12 13 -14 15 16 17 -18 19 -20 0
wuf20-0254 54991 1 -2 3 4 5 6 7 8 9 -10 11 12 -13 14 15 -16 -17 18 19 20 0
wuf20-0255 50496 1 -2 3 4 -5 6 7 8 -9 -10 -11 12 13 14 15 16 -17 18 -19 20 0
wuf20-0256 66964 -1 -2 3 4 5 6 7 8 9 10 11 12 13 14 -15 16 17 18 19 20 0
wuf20-0257 56561 1 -2 3 4 5 6 7 8 9 10 11 12 13 14 15 -16 17 -18 -19 20 0
wuf20-0258 56982 1 -2 3 4 5 -6 7 8 9 10 11 12 13 14 -15 16 17 -18 19 20 0
wuf20-0259 50513 1 2 3 -4 5 -6 7 8 9 -10 11 12 13 14 15 16 -17 18 -19 20 0
wuf20-026 53570 1 2 3 -4 -5 6 7 -8 9 10 11 12 13 14 -15 16 -17 18 -19 -20 0
wuf20-0260 54231 1 2 3 4 5 6 -7 8 9 -10 11 12 13 14 15 -16 -17 -18 19 -20 0
wuf20-0261 58525 -1 2 -3 4 5 6 7 8 9 10 -11 12 13 14 15 16 17 18 -19 20 0
wuf20-0262 52995 1 -2 3 4 5 6 7 -8 9 -10 -11 12 13 -14 15 16 17 -18 19 20 0
wuf20-0263 60663 1 2 3 4 5 6 -7 -8 9 10 11 12 -13 14 -15 16 17 18 19 20 0
wuf20-0264 60087 1 2 -3 4 -5 6 7 8 9 10 -11 -12 13 14 15 -16 -17 18 -19 20 0
wuf20-0265 54282 1 2 3 4 -5 -6 7 -8 9 10 11 12 13 14 15 16 17 -18 19 20 0
wuf20-0266 55725 1 2 3 4 5 6 7 8 9 -10 11 12 13 -14 15 -16 17 -18 19 20 0
wuf20-0267 51289 1 -2 3 -4 5 6 7 -8 9 -10 11 12 13 14 -15 16 17 18 19 20 0
wuf20-0268 49398 1 2 3 4 5 6 7 8 9 -10 11 12 -13 14 15 16 17 -18 19 20 0
wuf20-0269 65403 1 -2 3 4 5 -6 7 8 9 10 -11 12 13 -14 -15 16 17 18 19 20 0
wuf20-027 52810 1 2 -3 -4 5 6 7 -8 9 10 11 12 13 -14 15 16 17 18 19 20 0
wuf20-0270 51790 -1 2 3 4 5 -6 7 8 9 -10 -11 12 -13 14 15 16 17 18 19 20 0
wuf20-0271 62594 -1 -2 3 -4 5 -6 7 8 9 10 11 12 13 -14 15 16 17 18 19 20 0
wuf20-0272 77506 -1 -2 3 4 -5 6 7 -8 -9 10 11 12 13 14 -15 16 17 -18 19 20 0
wuf20-0273 58100 1 2 3 -4 5 6 7 8 9 -10 -11 12 -13 -14 15 16 17 18 19 20 0
wuf20-0274 51703 1 -2 3 -4 5 6 7 8 9 -10 11 12 13 14 15 -16 17 18 19 20 0
wuf20-0275 66421 1 2 3 -4 -5 6 -7 8 -9 -10 11 12 13 14 15 16 17 18 -19 20 0
wuf20-0276 55855 -1 -2 3 4 -5 6 7 8 9 10 11 12 13 -14 15 16 17 18 19 20 0
wuf20-0277 56515 -1 2 -3 4 -5 6 7 8 9 10 -11 12 -13 14 15 -16 17 18 19 20 0
wuf20-0278 58771 1 -2 3 4 -5 6 -7 -8 -9 10 11 -12 13 14 15 16 17 18 -19 -20 0
wuf20-0279 51017 1 -2 -3 4 5 6 7 8 9 10 11 12 13 14 15 -16 -17 -18 -19 -20 0
wuf20-028 56444 -1 2 3 4 5 6 -7 -8 9 10 -11 12 13 -14 -15 16 -17 18 19 20 0
wuf20-0280 66157 -1 2 3 -4 5 -6 7 8 9 10 11 12 13 14 15 16 17 -18 19 20 0
wuf20-0281 63211 1 2 3 4 5 6 7 8 9 10 11 -12 13 -14 15 16 17 18 19 -20 0
wuf20-0282 64302 -1 2 3 4 5 6 -7 -8 9 10 11 12 -13 14 15 -16 17 18 19 -20 0
wuf20-0283 61907 1 2 3 4 -5 6 7 8 9 10 11 12 13 14 15 16 17 18 -19 20 0
wuf20-0284 66844 1 2 3 -4 5 6 -7 -8 9 10 -11 -12 13 -14 15 16 17 18 19 -20 0
wuf20-0285 52859 1 -2 3 4 5 -6 7 8 9 10 11 12 -13 14 -15 16 -17 -18 19 20 0
wuf20-0286 66045 1 2 3 4 5 6 7 -8 -9 -10 11 12 13 14 15 16 17 -18 -19 20 0
wuf20-0287 53267 -1 -2 3 -4 5 6 7 8 9 -10 11 12 13 14 -15 -16 17 18 19 20 0
wuf20-0288 55581 1 2 -3 4 -5 6 -7 8 9 -10 11 12 13 -14 15 16 17 18 19 20 0
wuf20-0289 58202 1 2 -3 4 5 -6 -7 8 -9 10 -11 12 13 14 15 16 17 18 19 20 0
wuf20-029 59012 -1 2 -3 4 5 -6 7 -8 9 10 11 12 13 -14 15 16 -17 18 19 20 0
wuf20-0290 51328 1 2 -3 4 -5 6 -7 8 9 10 11 12 -13 -14 15 16 -17 18 19 20 0
wuf20-0291 50581 1 2 3 4 5 6 7 8 9 10 11 12 -13 14 15 16 17 18 19 20 0
wuf20-0292 58133 1 -2 -3 -4 5 6 7 8 9 10 11 12 13 -14 15 -16 17 18 19 20 0
wuf20-0293 57236 -1 2 -3 4 5 6 7 8 9 10 11 12 13 14 15 16 17 -18 19 20 0
wuf20-0294 50050 1 2 3 4 5 -6 7 8 -9 10 11 12 13 14 -15 16 -17 -18 -19 20 0
wuf20-0295 54982 1 2 3 -4 5 -6 7 -8 -9 10 11 12 -13 14 15 16 17 -18 19 20 0
wuf20-0296 60569 -1 2 3 4 -5 6 7 -8 -9 10 11 12 13 14 15 -16 17 18 19 20 0
wuf20-0297 55142 1 2 3 4 5 -6 7 8 -9 10 11 12 -13 -14 15 -16 -17 18 19 -20 0
wuf20-0298 53170 1 2 -3 4 5 -6 7 8 9 -10 11 -12 13 14 15 -16 17 18 19 20 0
wuf20-0299 55827 1 -2 3 4 -5 6 -7 8 -9 10 -11 12 13 14 15 16 17 18 -19 -20 0
wuf20-03 71085 1 2 3 4 5 6 7 8 9 10 11 -12 -13 14 15 16 17 -18 -19 20 0
wuf20-030 50140 1 2 -3 4 -5 6 7 8 9 10 -11 -12 13 -14 15 16 17 18 19 20 0
wuf20-0300 57915 1 2 3 4 5 6 7 8 9 10 -11 12 13 14 15 -16 17 -18 19 -20 0
wuf20-0301 61779 1 2 -3 4 5 6 7 -8 9 10 -11 12 13 -14 15 16 17 18 19 20 0
wuf20-0302 59953 1 2 3 4 5 6 7 8 9 10 11 12 13 -14 -15 16 17 18 19 -20 0
wuf20-0303 55012 -1 2 -3 4 -5 -6 7 8 9 10 11 -12 13 -14 -15 -16 17 18 19 -20 0
wuf20-0304 53838 1 -2 -3 4 -5 6 7 8 9 10 -11 12 13 14 15 16 17 -18 -19 20 0
wuf20-0305 55695 1 2 3 4 -5 6 7 8 9 10 11 -12 13 14 15 -16 17 18 -19 20 0
wuf20-0306 66881 -1 2 -3 4 -5 6 7 8 -9 -10 11 12 -13 14 15 16 -17 18 19 -20 0
wuf20-0307 43477 1 2 3 -4 5 -6 7 8 9 10 11 -12 13 -14 15 16 17 -18 -19 20 0
wuf20-0308 54816 1 2 3 -4 5 6 7 8 9 10 -11 12 13 -14 15 16 17 -18 -19 20 0
wuf20-0309 62365 1 2 3 -4 5 -6 7 8 -9 -10 11 12 13 14 15 16 17 -18 -19 20 0
wuf20-031 65670 1 2 3 4 5 6 -7 8 9 10 11 -12 13 -14 15 16 17 -18 -19 -20 0
wuf20-0310 52828 1 2 3 -4 -5 -6 -7 8 9 10 11 12 13 14 15 -16 -17 -18 19 20 0
wuf20-0311 64015 1 2 3 4 5 -6 7 -8 9 10 11 12 13 14 -15 16 17 18 -19 20 0
wuf20-0312 48885 1 2 -3 4 -5 6 7 8 9 10 -11 12 13 -14 -15 -16 -17 18 -19 20 0
wuf20-0313 63217 1 2 -3 4 -5 -6 7 8 9 10 11 12 13 -14 15 16 -17 -18 19 -20 0
wuf20-0314 53426 1 2 3 4 5 6 -7 8 9 10 11 -12 13 14 15 16 17 18 -19 20 0
wuf20-0315 59514 1 2 3 -4 5 6 7 8 9 -10 11 12 13 14 15 16 17 18 -19 20 0
wuf20-0316 51296 1 2 -3 -4 -5 6 7 -8 9 -10 11 -12 13 -14 15 16 17 18 -19 -20 0
wuf20-0317 54261 1 -2 -3 -4 5 -6 7 8 -9 10 11 -12 13 14 15 -16 -17 18 19 20 0
wuf20-0318 51723 1 2 3 -4 5 6 -7 8 9 10 11 12 13 14 15 16 17 -18 19 20 0
wuf20-0319 60066 1 2 -3 -4 5 6 7 8 9 10 11 12 13 14 15 16 17 18 19 20 0
wuf20-032 54355 1 2 3 4 5 6 7 -8 9 -10 11 -12 13 14 -15 16 17 18 19 20 0
wuf20-0320 50839 1 2 -3 4 5 -6 7 8 9 10 11 -12 -13 -14 15 16 17 18 19 20 0
wuf20-0321 62234 1 -2 3 4 5 6 -7 -8 9 10 11 12 13 -14 -15 16 17 18 19 20 0
wuf20-0322 43829 1 -2 3 -4 5 6 7 8 9 10 11 12 -13 14 -15 16 17 18 19 -20 0
wuf20-0323 92542 -1 2 3 -4 5 -6 7 8 9 10 -11 -12 13 14 15 16 17 18 19 20 0
wuf20-0324 58172 1 -2 3 4 5 -6 7 8 9 10 11 -12 13 14 15 16 -17 -18 19 20 0
wuf20-0325 51381 1 2 -3 4 5 6 7 8 9 -10 11 12 13 14 15 16 17 18 19 20 0
wuf20-0326 47855 -1 2 3 4 5 -6 7 8 9 -10 -11 -12 13 14 -15 -16 17 18 19 20 0
wuf20-0327 71466 1 2 3 4 5 6 7 8 9 10 -11 -12 13 14 15 16 -17 18 19 20 0
wuf20-0328 64191 1 -2 -3 -4 5 6 -7 8 -9 10 11 12 13 -14 15 -16 17 18 19 20 0
wuf20-0329 63815 1 2 -3 4 5 6 -7 8 9 10 -11 -12 13 14 -15 16 -17 18 19 -20 0
wuf20-0330 60578 1 -2 -3 4 -5 6 7 -8 9 10 11 12 13 14 -15 16 -17 -18 -19 20 0
wuf20-0331 63080 1 -2 3 4 5 6 7 8 -9 10 11 -12 13 14 15 -16 17 18 -19 20 0
wuf20-0332 46418 1 -2 -3 -4 5 6 -7 -8 9 10 -11 12 -13 14 15 16 -17 18 19 20 0
wuf20-0333 49927 -1 -2 -3 4 5 6 -7 -8 9 10 11 12 13 14 15 16 -17 18 19 20 0
wuf20-0334 59653 -1 -2 -3 4 5 6 7 -8 9 -10 11 12 -13 14 15 16 17 -18 19 20 0
wuf20-0335 54992 -1 -2 3 4 5 6 7 8 -9 10 11 12 -13 -14 -15 16 17 -18 19 20 0
wuf20-0336 85747 1 2 3 -4 -5 6 -7 -8 9 10 11 12 13 14 -15 16 17 18 19 -20 0
wuf20-0337 62906 1 2 3 -4 5 6 7 8 -9 -10 -11 12 13 14 15 16 17 18 19 20 0
wuf20-0338 70250 1 -2 -3 4 5 -6 7 -8 9 10 11 12 13 14 15 16 -17 18 -19 20 0
wuf20-0339 59020 -1 2 3 4 5 6 7 8 9 10 11 12 13 14 15 16 -17 18 19 20 0
wuf20-034 51711 1 2 -3 4 -5 -6 7 8 -9 10 11 12 -13 14 -15 16 17 18 19 20 0
wuf20-0342 72893 1 2 3 4 5 6 7 8 9 -10 11 12 -13 -14 15 16 17 -18 19 20 0
wuf20-0343 61198 -1 2 3 -4 5 -6 7 8 9 10 -11 12 13 -14 15 16 -17 -18 19 20 0
wuf20-0344 55014 1 2 3 -4 -5 6 7 -8 -9 10 11 12 13 -14 15 -16 17 18 -19 20 0
wuf20-0345 53597 1 2 3 4 -5 -6 7 8 -9 10 11 12 13 14 -15 16 17 18 19 20 0
wuf20-0346 49805 1 2 -3 -4 5 6 -7 8 9 -10 -11 12 13 -14 15 16 17 18 -19 20 0
wuf20-0347 58342 1 2 3 4 -5 6 7 8 9 10 -11 12 13 14 -15 16 17 18 -19 20 0
wuf20-0348 54337 1 2 3 4 5 6 7 8 9 10 -11 12 13 -14 15 16 17 18 19 20 0
wuf20-0349 59687 1 -2 -3 4 -5 6 7 8 -9 10 11 12 13 -14 15 16 -17 -18 19 -20 0
wuf20-035 43423 1 2 3 -4 5 6 -7 8 9 10 11 12 -13 14 -15 16 17 18 19 20 0
wuf20-0350 65542 1 2 -3 -4 5 6 7 8 9 -10 -11 -12 13 -14 -15 16 17 18 -19 20 0
wuf20-0351 54335 1 2 3 4 5 6 7 8 9 -10 11 12 13 14 15 -16 -17 18 19 20 0
wuf20-0352 58932 1 2 3 4 5 6 -7 8 9 10 -11 -12 13 14 15 16 17 18 19 -20 0
wuf20-0353 50880 1 2 3 4 5 -6 7 8 9 10 11 12 -13 14 15 16 17 18 19 20 0
wuf20-0354 53431 1 2 3 -4 -5 6 7 8 9 -10 11 12 -13 -14 -15 16 17 18 19 20 0
wuf20-0355 52616 1 2 3 4 5 6 7 8 9 10 11 12 13 -14 15 16 17 -18 19 20 0
wuf20-0356 46719 1 2 3 4 5 6 7 8 9 -10 -11 -12 13 14 15 16 17 18 19 20 0
wuf20-0357 52887 -1 2 3 -4 -5 6 7 -8 -9 10 11 12 13 14 -15 16 17 -18 19 20 0
wuf20-0358 51029 1 2 3 4 5 6 -7 -8 9 10 11 12 13 -14 15 16 17 -18 19 20 0
wuf20-0359 58127 -1 2 -3 4 5 6 7 8 9 -10 -11 12 13 -14 -15 -16 -17 18 19 20 0
wuf20-036 55634 -1 -2 -3 4 -5 6 -7 8 9 10 11 12 13 14 -15 16 17 18 19 20 0
wuf20-0360 57251 1 2 3 4 5 6 7 -8 9 10 11 12 -13 -14 -15 16 17 -18 19 20 0
wuf20-0361 63157 1 2 3 4 5 6 7 8 9 -10 11 12 13 14 15 -16 -17 18 19 20 0
wuf20-0362 58017 1 2 3 -4 5 6 7 -8 9 10 -11 12 13 14 -15 -16 17 -18 19 20 0
wuf20-0363 54848 1 2 3 -4 5 -6 7 8 9 10 11 12 13 14 15 16 17 -18 19 20 0
wuf20-0364 56179 1 2 3 4 5 6 7 8 -9 10 -11 -12 13 14 15 16 17 -18 19 -20 0
wuf20-0365 56840 -1 2 -3 4 5 6 7 8 -9 10 11 12 -13 14 15 16 -17 18 -19 20 0
wuf20-0366 53343 1 2 3 4 -5 6 -7 8 9 10 -11 -12 13 14 15 16 17 18 19 -20 0
wuf20-0367 55066 1 -2 -3 4 -5 -6 7 -8 9 10 11 -12 13 14 15 16 17 18 -19 -20 0
wuf20-0368 60308 -1 -2 3 4 -5 6 7 8 9 10 11 12 13 14 15 16 17 18 19 20 0
wuf20-0369 54377 1 2 3 4 -5 -6 7 8 9 10 -11 12 13 14 15 -16 17 -18 19 20 0
wuf20-037 50668 -1 2 -3 4 5 6 -7 8 -9 -10 11 12 13 14 15 -16 17 18 19 20 0
wuf20-0370 63427 1 -2 3 4 -5 6 7 8 -9 10 11 -12 13 14 -15 -16 -17 18 -19 20 0
wuf20-0371 60507 1 -2 -3 4 5 -6 7 -8 9 10 11 12 13 -14 -15 16 17 18 19 20 0
wuf20-0372 66178 1 2 -3 4 -5 6 -7 8 9 10 11 12 13 -14 15 -16 17 18 19 20 0
wuf20-0373 79110 1 -2 3 4 -5 -6 7 8 9 -10 11 12 13 -14 15 16 -17 18 19 20 0
wuf20-0374 42753 1 -2 3 -4 5 6 7 8 -9 10 11 -12 -13 -14 -15 16 -17 18 -19 20 0
wuf20-0375 66577 1 -2 -3 4 -5 6 7 -8 9 10 11 -12 13 -14 15 16 17 -18 -19 20 0
wuf20-0376 48793 1 2 -3 -4 5 6 7 8 9 10 11 12 13 -14 15 16 17 -18 19 -20 0
wuf20-0377 53640 1 2 3 -4 5 6 7 -8 9 10 11 12 13 14 15 16 17 18 19 20 0
wuf20-0378 55966 1 2 3 4 5 6 7 8 -9 10 11 -12 13 -14 15 -16 17 18 -19 20 0
wuf20-0379 52156 1 2 3 4 5 6 -7 8 9 10 -11 12 13 14 15 16 17 -18 19 -20 0
wuf20-038 60539 1 2 3 -4 5 -6 7 8 -9 -10 -11 12 13 14 -15 16 17 -18 19 20 0
wuf20-0380 66558 1 2 3 4 5 6 -7 8 9 10 11 -12 13 -14 15 16 17 18 -19 20 0
wuf20-0381 65776 1 2 3 -4 5 6 7 -8 9 -10 11 -12 13 14 15 16 -17 18 19 20 0
wuf20-0382 58518 -1 2 -3 4 5 6 7 -8 9 -10 -11 12 -13 14 15 16 17 18 19 20 0
wuf20-0383 60371 1 -2 -3 4 5 6 7 -8 9 -10 11 -12 13 14 15 -16 17 18 19 20 0
wuf20-0384 68722 -1 2 3 4 5 6 7 8 9 10 11 -12 13 -14 -15 16 17 18 19 20 0
wuf20-0385 61048 1 -2 3 4 5 6 -7 8 9 10 -11 12 13 14 -15 16 17 18 19 20 0
wuf20-0386 51286 1 -2 3 4 5 -6 -7 8 9 10 11 12 13 14 15 16 17 18 19 20 0
wuf20-0387 88776 1 -2 3 4 -5 6 7 -8 9 10 -11 12 -13 14 15 -16 17 18 19 20 0
wuf20-0388 53079 1 -2 3 4 5 6 -7 8 9 -10 11 12 13 14 15 -16 -17 18 19 20 0
wuf20-0389 55616 1 -2 -3 4 -5 6 7 -8 -9 10 -11 12 13 14 15 16 17 18 -19 -20 0
wuf20-039 53084 1 2 -3 -4 -5 6 -7 -8 9 10 11 12 13 14 -15 -16 17 18 19 20 0
wuf20-0390 54641 1 2 3 4 5 6 7 8 9 10 -11 12 13 14 -15 -16 17 18 19 -20 0
wuf20-0391 53539 1 2 -3 -4 5 6 7 -8 9 10 11 12 13 -14 15 -16 17 18 19 20 0
wuf20-0392 59063 1 -2 -3 4 5 6 7 8 -9 10 11 12 -13 -14 15 16 17 -18 19 20 0
wuf20-0393 59627 -1 2 -3 4 5 6 7 8 9 10 11 12 13 14 15 16 -17 18 -19 20 0
wuf20-0394 45266 1 -2 3 -4 5 -6 7 8 9 -10 11 12 -13 -14 15 -16 17 18 -19 -20 0
wuf20-0395 57089 -1 2 3 4 5 -6 7 8 9 10 11 12 13 14 15 16 17 18 19 20 0
wuf20-0396 66305 1 2 3 4 5 6 7 -8 9 10 11 12 -13 14 -15 16 -17 -18 19 20 0
wuf20-0397 64802 1 2 3 -4 5 6 -7 8 -9 10 11 12 13 -14 15 -16 17 18 19 20 0
wuf20-0398 54407 1 2 3 4 -5 6 7 8 9 10 11 12 13 -14 15 -16 17 18 19 20 0
wuf20-0399 59902 1 2 -3 4 5 6 7 -8 9 10 -11 12 -13 -14 15 16 -17 18 -19 20 0
wuf20-04 18196 -1 2 -3 -4 5 6 7 8 -9 10 11 12 13 14 -15 16 17 18 19 20 0
wuf20-040 55403 -1 2 3 4 5 6 -7 -8 9 10 -11 -12 13 -14 -15 16 -17 18 19 20 0
wuf20-0400 58559 -1 2 3 4 5 6 7 -8 9 10 -11 12 13 14 15 16 17 18 -19 20 0
wuf20-0401 56914 1 2 3 -4 5 -6 7 8 9 10 11 12 13 14 15 16 17 18 19 20 0
wuf20-0402 54364 -1 -2 3 -4 5 -6 7 8 9 -10 -11 12 13 14 15 16 -17 18 19 20 0
wuf20-0403 54017 1 2 3 4 5 -6 7 -8 9 10 11 12 13 14 15 16 17 -18 19 20 0
wuf20-0404 69769 1 -2 -3 4 5 6 7 8 -9 10 11 12 13 14 15 16 17 18 19 -20 0
wuf20-0405 78484 1 2 3 4 5 6 7 -8 9 10 -11 -12 13 14 15 16 17 18 19 -20 0
wuf20-0406 53651 -1 2 3 4 5 -6 -7 -8 9 10 -11 12 -13 14 -15 16 17 18 19 -20 0
wuf20-0407 70556 -1 2 3 4 5 6 7 8 9 10 11 12 13 14 -15 -16 17 18 19 -20 0
wuf20-0408 57105 1 2 3 4 5 6 7 8 9 -10 -11 12 13 14 15 16 17 18 19 20 0
wuf20-0409 53201 1 2 -3 4 5 -6 -7 8 9 -10 11 12 -13 14 -15 -16 17 18 -19 20 0
wuf20-041 53513 1 2 -3 4 5 6 -7 8 9 10 11 12 13 -14 -15 16 17 18 19 -20 0
wuf20-0410 55640 1 2 3 4 5 6 7 -8 9 -10 11 12 13 -14 15 16 17 -18 19 -20 0
wuf20-0411 48838 1 2 -3 4 5 6 7 8 9 10 11 12 -13 -14 15 -16 17 18 19 20 0
wuf20-0412 60193 1 2 -3 4 5 6 -7 -8 9 -10 -11 12 13 14 15 -16 17 18 19 20 0
wuf20-0413 50371 1 2 3 4 -5 6 7 8 9 10 11 -12 13 14 15 16 17 18 19 20 0
wuf20-0414 47508 1 2 -3 4 5 6 7 -8 9 10 11 12 13 14 15 16 -17 18 19 20 0
wuf20-0415 57099 -1 -2 3 4 5 -6 7 8 9 -10 11 12 -13 -14 15 16 -17 -18 19 20 0
wuf20-0416 49372 1 2 3 4 5 6 -7 8 9 -10 -11 12 13 14 15 -16 17 18 19 20 0
wuf20-0417 61329 1 2 3 4 5 6 7 8 9 10 -11 -12 -13 14 15 16 17 18 19 20 0
wuf20-0418 53482 1 2 -3 4 5 6 7 8 9 10 -11 12 13 -14 15 16 17 18 -19 -20 0
wuf20-0419 58920 1 -2 3 4 5 -6 -7 8 9 10 11 -12 13 14 -15 16 -17 18 -19 20 0
wuf20-042 55113 1 2 3 4 5 6 7 8 -9 10 -11 12 13 -14 -15 16 17 -18 19 20 0
wuf20-0420 59074 1 2 -3 -4 5 6 -7 8 9 10 11 -12 13 14 15 16 17 18 19 20 0
wuf20-0421 69906 -1 2 3 -4 -5 6 7 8 9 10 -11 12 13 14 -15 16 -17 18 19 -20 0
wuf20-0422 42186 1 2 3 4 5 6 7 8 9 10 -11 12 -13 -14 -15 16 -17 18 19 20 0
wuf20-0423 55571 -1 2 -3 -4 5 6 7 8 9 10 11 12 13 14 15 16 -17 -18 -19 -20 0
wuf20-0424 44922 1 2 3 4 5 6 7 8 -9 -10 11 -12 13 14 15 16 -17 18 -19 -20 0
wuf20-0425 61799 1 2 -3 4 -5 6 -7 8 -9 10 11 12 13 14 15 16 17 18 19 20 0
wuf20-0426 61033 1 -2 3 -4 5 6 7 8 9 -10 11 12 -13 -14 15 16 17 18 19 20 0
wuf20-0427 62702 1 2 3 4 5 -6 7 8 9 10 11 12 -13 14 15 16 17 -18 19 -20 0
wuf20-0428 57667 1 2 3 -4 -5 -6 7 8 9 -10 11 -12 13 -14 15 16 17 18 -19 20 0
wuf20-0429 51835 1 2 3 4 5 6 7 8 9 10 11 -12 13 14 15 -16 -17 18 19 20 0
wuf20-043 73411 -1 2 3 4 -5 6 -7 8 -9 10 -11 12 -13 14 -15 16 -17 18 19 20 0
wuf20-0430 69250 1 -2 -3 4 5 6 7 8 9 10 11 12 13 -14 -15 -16 17 18 -19 20 0
wuf20-0431 58714 1 2 3 4 5 6 7 8 -9 10 11 -12 13 14 15 16 -17 18 19 -20 0
wuf20-0432 48466 1 2 3 4 -5 6 7 8 9 -10 11 12 -13 14 15 16 17 18 -19 -20 0
wuf20-0433 59173 1 2 3 4 -5 -6 -7 -8 9 10 11 12 13 -14 15 -16 17 18 19 -20 0
wuf20-0434 58027 1 2 -3 4 -5 6 7 8 -9 10 11 12 13 14 15 16 17 18 -19 20 0
wuf20-0435 56930 1 2 3 4 5 6 7 -8 9 -10 -11 12 -13 14 15 16 -17 18 19 20 0
wuf20-0436 52432 -1 2 3 -4 5 6 7 8 9 10 11 -12 13 -14 15 16 17 18 19 -20 0
wuf20-0437 73807 1 -2 3 4 5 6 -7 8 -9 10 11 12 -13 -14 15 16 17 18 19 20 0
wuf20-0438 59904 1 -2 3 4 5 6 7 -8 -9 -10 11 12 13 14 15 16 17 -18 -19 20 0
wuf20-0439 55153 1 2 3 4 5 -6 7 -8 -9 10 11 12 13 14 15 16 -17 18 19 20 0
wuf20-044 59019 -1 -2 -3 4 5 6 7 -8 9 10 11 12 13 14 15 -16 -17 18 19 -20 0
wuf20-0440 64721 1 2 3 4 5 -6 7 8 -9 10 11 12 -13 -14 15 -16 17 -18 19 20 0
wuf20-0441 64527 1 2 3 -4 -5 6 7 -8 9 10 11 12 -13 14 15 16 17 18 19 20 0
wuf20-0442 70818 1 -2 3 -4 5 6 -7 8 9 10 11 12 13 -14 -15 16 17 18 19 -20 0
wuf20-0443 64467 1 -2 -3 -4 5 -6 7 8 -9 10 11 12 13 -14 -15 16 17 -18 19 20 0
wuf20-0444 51181 -1 2 -3 4 5 6 -7 8 -9 10 -11 -12 13 14 15 -16 -17 -18 19 20 0
wuf20-0445 54055 1 2 3 4 -5 -6 -7 8 -9 10 11 12 13 -14 15 16 17 18 19 20 0
wuf20-0446 66875 1 2 -3 4 5 -6 -7 8 9 10 -11 12 13 14 15 16 17 18 19 20 0
wuf20-0447 64707 -1 -2 3 4 -5 6 7 -8 9 10 11 12 13 14 15 16 17 -18 19 -20 0
wuf20-0448 44039 1 2 3 4 -5 -6 7 8 9 10 11 12 -13 14 -15 16 -17 18 19 20 0
wuf20-0449 47106 -1 2 -3 4 5 6 7 8 9 10 11 -12 13 -14 15 16 17 18 19 -20 0
wuf20-045 64882 1 2 -3 4 -5 6 -7 8 9 10 -11 12 -13 14 -15 16 17 18 -19 20 0
wuf20-0450 59272 -1 2 3 -4 -5 6 -7 -8 -9 10 -11 12 13 -14 15 16 17 18 19 20 0
wuf20-0451 60591 1 -2 -3 4 5 6 7 8 9 10 11 12 -13 14 15 16 17 18 19 -20 0
wuf20-0452 55435 1 2 3 -4 -5 -6 -7 8 -9 -10 11 12 13 14 -15 -16 17 18 -19 20 0
wuf20-0453 62474 -1 2 -3 4 5 6 7 -8 9 10 11 12 13 14 -15 -16 17 -18 19 20 0
wuf20-0454 70607 1 2 3 -4 5 6 -7 -8 9 10 11 12 13 14 15 16 17 18 19 -20 0
wuf20-0455 53403 1 2 3 4 5 -6 -7 -8 9 10 11 -12 13 14 15 16 -17 18 19 20 0
wuf20-0456 51064 1 2 3 4 5 6 7 8 9 -10 11 12 13 14 15 -16 -17 -18 19 20 0
wuf20-0457 63333 1 2 -3 4 -5 6 7 8 9 10 11 12 -13 14 15 16 17 18 -19 20 0
wuf20-0458 68141 1 -2 -3 4 -5 6 7 8 -9 10 11 -12 -13 14 15 16 17 18 19 20 0
wuf20-0459 60508 -1 2 3 -4 -5 6 7 8 -9 10 -11 12 13 14 -15 16 17 18 19 -20 0
wuf20-046 66138 1 2 3 -4 -5 -6 7 8 -9 -10 11 12 13 14 15 16 17 18 19 20 0
wuf20-0460 59441 1 2 3 4 5 6 7 8 -9 10 11 12 13 -14 15 -16 17 18 19 20 0
wuf20-0461 49254 1 2 -3 4 5 6 7 8 9 -10 -11 12 13 14 15 -16 -17 18 19 20 0
wuf20-0462 49997 1 2 3 4 5 6 7 8 -9 10 11 -12 13 14 15 16 17 18 19 20 0
wuf20-0463 67741 1 2 -3 -4 5 6 7 -8 9 10 11 12 13 14 15 16 17 18 -19 20 0
wuf20-0464 50104 1 2 3 -4 5 -6 7 8 9 -10 11 12 -13 -14 15 -16 17 -18 19 20 0
wuf20-0465 49458 1 -2 3 4 5 6 7 -8 9 10 -11 -12 13 14 15 16 17 -18 19 20 0
wuf20-0466 65136 1 2 3 -4 5 -6 7 -8 9 10 -11 -12 13 14 -15 -16 17 18 19 -20 0
wuf20-0467 70667 1 2 3 4 5 -6 7 8 -9 10 11 -12 13 14 -15 16 -17 -18 19 20 0
wuf20-0468 55096 -1 2 3 4 -5 -6 7 -8 9 10 11 12 -13 -14 15 16 -17 -18 19 20 0
wuf20-0469 52128 1 2 -3 -4 5 6 7 8 9 -10 -11 -12 13 -14 -15 16 -17 -18 19 -20 0
wuf20-047 50711 1 -2 3 4 -5 6 7 8 9 -10 -11 12 13 -14 15 -16 -17 -18 19 20 0
wuf20-0470 69324 1 2 3 4 5 6 7 8 9 -10 11 12 13 14 15 -16 17 18 -19 20 0
wuf20-0471 60786 1 2 3 4 5 6 -7 -8 9 10 11 12 13 -14 15 16 -17 -18 -19 20 0
wuf20-0472 50933 1 2 3 -4 5 -6 7 8 9 10 -11 12 13 14 15 -16 17 18 19 20 0
wuf20-0473 47691 1 2 3 -4 5 -6 -7 8 9 10 11 12 13 14 15 16 17 -18 19 -20 0
wuf20-0474 50640 1 -2 -3 4 -5 6 7 8 9 10 11 12 13 14 -15 16 17 -18 19 -20 0
wuf20-0475 56057 1 2 3 -4 5 -6 -7 8 -9 10 -11 12 13 14 15 16 17 -18 19 20 0
wuf20-0476 54015 1 2 -3 4 5 -6 7 8 9 -10 11 12 13 14 -15 -16 17 18 19 20 0
wuf20-0477 46973 1 2 3 4 5 -6 -7 8 -9 10 -11 -12 13 14 15 -16 -17 18 19 -20 0
wuf20-0478 48348 -1 -2 3 -4 5 6 7 -8 9 10 -11 12 -13 14 -15 -16 17 18 -19 20 0
wuf20-0479 54540 -1 2 -3 -4 -5 6 7 8 -9 10 11 -12 13 14 15 16 17 18 19 20 0
wuf20-048 52232 1 2 3 -4 5 6 7 8 -9 10 11 12 13 -14 15 16 17 18 19 -20 0
wuf20-0480 55703 1 2 3 4 5 6 7 8 9 -10 11 12 13 14 15 16 17 18 -19 20 0
wuf20-0481 50291 1 2 3 -4 -5 -6 7 8 9 10 -11 12 13 -14 15 -16 -17 18 19 20 0
wuf20-0482 52217 -1 -2 3 -4 -5 6 7 8 -9 10 11 12 13 14 -15 16 17 18 -19 20 0
wuf20-0483 57272 -1 2 3 4 5 -6 7 8 -9 -10 11 12 13 14 15 16 17 18 19 20 0
wuf20-0484 62046 1 2 3 4 5 6 7 8 -9 -10 -11 -12 13 14 15 16 17 -18 19 20 0
wuf20-0485 56065 -1 2 3 -4 5 6 -7 8 9 -10 11 12 13 14 15 16 -17 18 19 20 0
wuf20-0486 71225 1 -2 3 4 -5 6 7 -8 -9 10 -11 12 13 14 15 -16 17 -18 19 20 0
wuf20-0487 61808 1 2 3 4 5 6 -7 8 9 10 11 12 13 14 15 -16 17 18 19 20 0
wuf20-0488 60558 1 2 3 4 5 6 -7 8 9 10 -11 12 13 14 15 16 17 18 19 -20 0
wuf20-0489 51360 -1 2 3 4 5 6 -7 8 9 -10 11 12 13 14 -15 16 17 18 19 20 0
wuf20-049 14783 1 2 -3 4 -5 -6 -7 8 9 -10 11 12 -13 14 -15 -16 17 -18 -19 -20 0
wuf20-0490 49824 1 2 3 4 5 -6 7 8 9 10 11 12 13 14 -15 16 -17 18 -19 20 0
wuf20-0491 65132 1 2 3 -4 5 6 7 8 9 -10 11 12 13 14 15 16 17 18 19 20 0
wuf20-0492 50834 1 2 3 4 5 6 7 -8 9 -10 11 12 -13 -14 15 16 17 18 19 20 0
wuf20-0493 57010 1 2 -3 4 5 6 7 8 9 -10 11 12 -13 14 15 16 17 -18 19 20 0
wuf20-0494 56122 1 2 -3 4 5 6 7 -8 9 10 -11 12 13 14 15 16 17 18 19 20 0
wuf20-0495 56484 1 2 3 4 5 6 -7 8 9 -10 -11 -12 13 -14 15 16 -17 18 -19 20 0
wuf20-0496 14618 1 -2 3 4 5 6 -7 8 -9 10 -11 12 13 14 15 16 17 18 19 20 0
wuf20-0497 16504 1 2 -3 -4 5 -6 7 8 -9 -10 11 12 13 -14 15 16 17 -18 19 -20 0
wuf20-0498 15954 1 2 3 4 5 6 7 -8 9 10 11 -12 13 14 15 16 17 -18 19 -20 0
wuf20-0499 18039 1 2 3 4 5 6 7 8 -9 10 11 12 13 14 15 16 17 18 19 20 0
wuf20-05 13262 -1 2 3 4 5 6 7 8 -9 10 11 12 13 -14 15 -16 -17 18 -19 -20 0
wuf20-050 15896 -1 -2 3 4 5 6 -7 8 9 10 11 12 -13 14 15 16 -17 18 -19 20 0
wuf20-0500 17744 -1 2 3 4 -5 6 7 8 -9 10 11 -12 13 14 15 16 -17 18 -19 20 0
wuf20-0501 15040 1 -2 3 -4 5 6 -7 -8 -9 10 11 12 13 14 15 16 -17 18 -19 20 0
wuf20-0502 20282 1 -2 3 4 5 6 7 8 9 10 11 -12 13 14 15 16 17 18 -19 20 0
wuf20-0503 18995 1 -2 3 4 5 6 7 8 9 10 -11 -12 -13 14 -15 16 -17 18 19 20 0
wuf20-0504 17826 1 -2 3 4 -5 6 7 8 9 -10 11 12 13 -14 15 16 17 -18 19 -20 0
wuf20-0505 15241 -1 2 3 4 5 6 7 -8 9 10 11 12 -13 14 -15 -16 -17 18 19 20 0
wuf20-0506 17077 1 2 3 4 5 -6 7 -8 9 -10 11 12 13 -14 15 -16 17 18 -19 20 0
wuf20-0507 16755 1 2 3 4 5 6 7 -8 9 -10 -11 12 -13 14 15 -16 17 18 -19 20 0
wuf20-0508 17069 -1 -2 3 4 -5 6 -7 8 -9 10 -11 12 13 -14 15 16 17 18 -19 -20 0
wuf20-0509 18035 1 2 3 4 5 6 -7 8 9 10 -11 12 -13 14 15 16 -17 18 19 -20 0
wuf20-051 17434 1 2 3 4 -5 6 -7 8 9 10 11 -12 -13 14 -15 16 -17 18 -19 20 0
wuf20-0510 21894 1 2 -3 -4 -5 6 -7 -8 9 -10 11 12 13 14 15 16 17 18 19 -20 0
wuf20-0511 16473 1 2 3 -4 5 6 7 -8 9 10 11 -12 -13 14 15 16 -17 18 19 20 0
wuf20-0512 18602 1 -2 3 4 5 6 7 8 9 -10 11 12 -13 14 15 16 17 -18 -19 20 0
wuf20-0513 15536 1 2 3 4 -5 -6 -7 8 -9 -10 11 12 -13 -14 -15 16 17 18 19 20 0
wuf20-0514 15195 1 2 3 -4 -5 6 7 -8 9 10 11 -12 13 14 15 16 17 18 19 20 0
wuf20-0515 16211 1 2 3 -4 5 -6 -7 -8 9 -10 11 12 -13 -14 15 16 17 18 -19 20 0
wuf20-0516 18808 1 2 3 4 5 -6 7 8 9 10 11 12 -13 -14 15 16 17 18 19 20 0
wuf20-0517 15601 1 2 3 4 -5 6 7 8 -9 10 11 12 13 14 -15 16 17 -18 19 20 0
wuf20-0518 18039 1 -2 3 4 -5 6 7 8 9 10 11 12 -13 14 15 16 17 18 -19 20 0
wuf20-0519 13942 -1 2 -3 4 -5 6 7 8 9 10 -11 12 13 14 15 16 -17 18 19 -20 0
wuf20-052 13930 -1 2 3 4 5 6 -7 8 9 -10 11 -12 13 14 15 16 17 18 19 20 0
wuf20-0520 16971 1 2 3 -4 5 6 -7 8 9 -10 11 12 13 14 15 16 17 18 19 -20 0
wuf20-0521 18055 1 2 3 4 5 6 7 -8 -9 10 11 12 13 14 15 -16 17 -18 -19 20 0
wuf20-0522 18017 1 2 -3 4 5 6 7 -8 9 -10 11 12 13 14 15 16 17 18 19 20 0
wuf20-0523 15820 1 2 3 4 5 6 7 -8 9 10 -11 12 -13 14 15 -16 17 18 -19 20 0
wuf20-0524 13265 1 -2 -3 4 5 6 7 8 9 10 11 12 13 14 15 -16 -17 18 -19 20 0
wuf20-0525 19255 -1 2 3 4 5 6 7 8 -9 10 11 12 -13 14 -15 16 17 18 19 20 0
wuf20-0526 17183 -1 2 3 -4 5 -6 7 8 9 10 -11 12 -13 14 15 16 17 18 19 -20 0
wuf20-0527 17233 1 2 3 -4 5 6 7 8 9 -10 11 12 13 14 15 16 17 18 19 20 0
wuf20-0528 18595 -1 2 -3 4 -5 6 7 -8 -9 10 11 12 13 14 15 -16 17 -18 19 -20 0
wuf20-0529 15959 1 -2 3 4 5 6 7 8 9 10 11 12 -13 -14 15 -16 17 18 19 20 0
wuf20-053 14356 1 2 3 -4 5 6 7 8 9 10 11 12 13 14 15 16 17 -18 19 20 0
wuf20-0530 18022 1 2 3 4 5 6 -7 8 9 -10 11 12 -13 14 -15 -16 17 -18 19 20 0
wuf20-0531 17806 -1 2 3 4 -5 -6 7 8 -9 -10 11 12 13 14 15 16 17 18 19 -20 0
wuf20-0532 15603 1 2 3 -4 5 6 7 -8 -9 -10 11 -12 -13 14 15 16 -17 18 19 20 0
wuf20-0533 15332 1 2 3 4 5 6 7 8 -9 10 11 12 13 -14 15 16 17 18 19 -20 0
wuf20-0534 16430 1 -2 3 4 5 -6 7 8 9 10 11 12 13 -14 15 16 17 18 19 20 0
wuf20-0535 16801 -1 2 3 4 5 6 7 -8 -9 10 -11 12 13 14 -15 16 -17 18 19 -20 0
wuf20-0536 17952 1 -2 -3 4 5 6 7 8 9 10 -11 12 -13 14 15 16 17 18 -19 -20 0
wuf20-0537 18247 -1 -2 3 4 5 6 -7 8 9 10 11 -12 -13 14 15 16 17 18 19 20 0
wuf20-0538 16157 1 2 -3 4 5 6 7 8 9 -10 11 12 13 -14 15 16 -17 18 19 -20 0
wuf20-0539 16082 1 2 3 4 5 6 7 8 9 -10 11 12 13 -14 15 16 -17 -18 -19 20 0
wuf20-054 17247 -1 -2 3 4 5 -6 7 8 -9 10 -11 12 13 -14 15 16 17 18 19 20 0
wuf20-0540 17885 -1 2 3 -4 5 -6 7 8 9 10 11 12 -13 -14 15 -16 17 18 -19 -20 0
wuf20-0541 17690 1 2 3 4 -5 -6 7 8 9 -10 11 12 -13 14 15 -16 -17 -18 19 20 0
wuf20-0542 15076 1 2 3 4 5 6 7 8 9 -10 -11 12 -13 14 15 -16 -17 18 19 20 0
wuf20-0543 17073 -1 2 3 4 5 6 7 8 -9 10 11 12 13 14 15 16 17 18 19 -20 0
wuf20-0544 16980 -1 2 3 -4 5 6 7 8 9 -10 11 12 -13 14 15 -16 17 18 19 20 0
wuf20-0545 13757 1 2 3 4 5 -6 7 -8 9 10 11 12 13 14 -15 16 17 18 19 -20 0
wuf20-0546 18050 -1 2 3 4 5 6 -7 8 9 10 11 12 13 -14 15 16 -17 18 19 -20 0
wuf20-0547 16602 1 2 3 4 -5 -6 7 8 9 10 11 12 13 14 15 16 17 18 19 20 0
wuf20-0548 17525 1 2 -3 4 5 6 -7 8 9 -10 -11 12 13 14 15 16 17 18 -19 20 0
wuf20-0549 17800 -1 -2 -3 4 5 6 -7 -8 9 -10 11 12 13 14 15 16 17 18 19 -20 0
wuf20-055 21026 1 2 -3 4 5 -6 -7 8 9 -10 11 12 -13 14 15 16 17 18 -19 -20 0
wuf20-0550 15141 1 2 -3 -4 5 6 -7 8 9 10 11 12 -13 -14 15 16 -17 18 19 -20 0
wuf20-0551 17820 1 -2 3 4 -5 6 7 8 9 10 -11 12 13 14 15 16 -17 18 19 -20 0
wuf20-0552 18693 1 2 3 4 5 6 7 -8 9 10 -11 12 13 14 15 16 17 18 19 20 0
wuf20-0553 15479 -1 2 3 4 -5 6 7 8 9 -10 -11 12 13 14 15 -16 -17 18 19 20 0
wuf20-0554 17368 1 2 3 -4 5 6 7 8 9 10 11 12 13 14 15 16 17 18 19 20 0
wuf20-0555 18537 1 2 3 -4 -5 6 7 -8 9 -10 11 12 -13 14 15 16 17 18 19 20 0
wuf20-0556 16296 1 2 3 4 5 6 7 -8 -9 10 -11 12 13 14 15 16 17 18 19 20 0
wuf20-0557 18163 1 2 -3 -4 5 -6 7 -8 9 10 11 -12 -13 -14 15 -16 17 18 19 20 0
wuf20-0558 18840 1 2 -3 -4 -5 6 7 8 9 -10 11 12 13 14 -15 -16 -17 18 19 -20 0
wuf20-0559 14654 -1 -2 3 -4 5 6 7 8 -9 10 -11 -12 13 14 15 16 17 18 19 -20 0
wuf20-056 14800 1 2 -3 4 5 -6 -7 8 9 10 11 12 13 14 -15 16 17 -18 19 20 0
wuf20-0560 18579 1 2 3 -4 -5 6 7 8 9 10 11 12 13 14 -15 -16 17 -18 19 20 0
wuf20-0561 15660 1 2 -3 -4 5 6 7 8 9 10 11 -12 13 -14 15 16 17 18 19 20 0
wuf20-0562 21849 -1 2 3 4 -5 6 7 -8 -9 -10 11 12 13 14 15 16 17 18 -19 20 0
wuf20-0563 15301 1 -2 3 4 5 6 -7 8 9 10 -11 12 13 -14 15 16 17 18 19 20 0
wuf20-0564 18095 -1 -2 3 4 5 6 7 -8 9 10 -11 12 13 -14 15 16 17 -18 19 20 0
wuf20-0565 17166 1 -2 3 4 5 -6 7 8 9 10 11 12 -13 14 -15 -16 17 18 19 20 0
wuf20-0566 16942 1 -2 3 4 -5 -6 7 -8 9 10 11 12 13 14 15 -16 17 18 -19 20 0
wuf20-0567 17868 1 -2 -3 -4 5 6 7 8 -9 10 11 12 13 14 15 16 -17 -18 19 20 0
wuf20-0568 16829 1 2 3 4 -5 6 -7 8 -9 10 -11 12 13 14 15 16 17 -18 19 20 0
wuf20-0569 16611 -1 2 3 4 5 -6 7 -8 9 10 11 -12 13 -14 15 16 -17 -18 19 20 0
wuf20-057 15572 1 2 -3 4 5 -6 7 8 9 10 11 12 -13 14 -15 16 17 18 -19 20 0
wuf20-0570 18912 -1 2 3 4 5 6 7 8 9 10 -11 12 13 -14 15 16 -17 18 -19 20 0
wuf20-0571 15562 1 2 -3 -4 5 6 7 -8 9 10 11 12 13 14 -15 16 17 18 19 -20 0
wuf20-0572 14470 -1 2 3 4 5 6 7 8 -9 10 -11 12 13 14 -15 16 17 18 -19 20 0
wuf20-0573 20267 1 2 3 -4 5 6 7 8 -9 10 11 12 13 14 -15 -16 17 18 19 20 0
wuf20-0574 13604 1 2 3 4 5 6 7 8 9 10 11 12 13 14 15 16 17 -18 -19 -20 0
wuf20-0575 15521 -1 2 3 4 5 6 -7 8 9 10 11 12 -13 -14 -15 16 -17 -18 -19 -20 0
wuf20-0576 14799 1 2 -3 4 5 -6 7 -8 9 10 11 12 13 14 15 -16 -17 18 19 -20 0
wuf20-0577 16025 1 -2 -3 4 -5 6 -7 -8 9 10 11 12 13 -14 -15 16 17 -18 19 20 0
wuf20-0578 13919 1 2 3 -4 -5 6 7 8 9 -10 -11 12 13 14 15 16 17 -18 19 20 0
wuf20-0579 15826 1 2 3 4 5 -6 7 8 -9 10 11 12 13 -14 15 16 17 18 19 20 0
wuf20-058 15683 1 2 -3 -4 5 -6 -7 8 9 10 11 -12 13 14 15 16 17 -18 -19 20 0
wuf20-0580 16352 1 -2 -3 4 -5 6 7 8 9 10 11 12 -13 14 15 16 -17 -18 -19 20 0
wuf20-0581 15050 -1 2 3 4 5 6 7 8 9 10 11 12 -13 14 15 -16 -17 18 19 20 0
wuf20-0582 16408 -1 -2 3 4 5 -6 7 8 9 10 11 12 13 14 15 -16 17 18 19 20 0
wuf20-0583 16784 1 2 3 4 5 -6 7 -8 -9 10 -11 12 13 14 15 -16 17 18 -19 20 0
wuf20-0584 15979 1 2 -3 -4 5 6 -7 8 9 -10 -11 -12 13 -14 15 16 17 18 19 20 0
wuf20-0585 16115 1 2 3 4 -5 6 7 8 9 10 -11 -12 13 14 15 16 17 18 19 20 0
wuf20-0586 18723 1 -2 -3 4 5 6 7 -8 9 10 11 12 13 14 15 16 17 -18 19 -20 0
wuf20-0587 14875 1 2 -3 4 5 6 -7 -8 -9 10 -11 12 13 -14 15 16 -17 -18 19 20 0
wuf20-0588 17485 1 -2 3 -4 5 6 7 8 9 10 11 -12 -13 14 15 16 17 18 19 20 0
wuf20-0589 16338 1 2 3 4 5 -6 7 8 9 10 -11 12 13 14 15 16 17 18 19 20 0
wuf20-059 14125 1 2 -3 -4 5 6 7 8 -9 10 11 12 -13 -14 -15 16 17 18 -19 20 0
wuf20-0590 17918 -1 -2 3 4 5 6 -7 8 9 10 -11 -12 13 14 -15 16 17 -18 19 20 0
wuf20-0591 14453 -1 2 3 4 5 6 -7 -8 -9 10 -11 12 -13 14 15 16 17 18 19 -20 0
wuf20-0592 16432 1 2 3 -4 5 6 -7 8 9 10 11 -12 -13 -14 15 16 -17 -18 19 20 0
wuf20-0593 19184 -1 2 3 4 5 -6 7 8 9 10 -11 12 13 14 15 16 -17 -18 19 20 0
wuf20-0594 14992 1 2 -3 4 5 6 7 8 -9 -10 11 12 13 14 15 16 17 18 19 -20 0
wuf20-0595 16714 -1 2 3 4 5 6 7 8 9 10 11 -12 13 14 -15 16 17 18 19 -20 0
wuf20-0596 15508 1 -2 3 4 -5 6 -7 -8 9 -10 -11 12 13 14 15 16 17 18 19 20 0
wuf20-0597 17641 1 2 3 4 -5 6 7 8 9 10 -11 12 13 14 -15 -16 17 18 19 20 0
wuf20-0598 16725 1 2 3 4 5 6 7 8 9 -10 11 12 -13 14 15 16 17 -18 -19 -20 0
wuf20-0599 17699 1 -2 3 -4 5 6 7 8 -9 10 11 -12 13 14 15 16 -17 18 19 -20 0
wuf20-06 14542 1 2 -3 4 5 -6 7 8 9 10 11 12 13 14 15 16 17 18 19 20 0
wuf20-060 13901 1 2 3 -4 5 6 7 8 9 -10 11 12 -13 14 15 16 17 18 19 20 0
wuf20-0600 15475 1 -2 -3 -4 5 6 7 8 9 10 11 12 -13 -14 15 16 17 -18 19 -20 0
wuf20-0601 16742 -1 2 -3 -4 5 6 7 8 -9 -10 11 12 13 -14 15 16 17 18 -19 20 0
wuf20-0602 13801 -1 2 3 4 5 6 -7 8 -9 10 11 12 13 14 15 16 17 -18 19 20 0
wuf20-0603 15776 1 2 -3 -4 5 -6 7 8 9 -10 11 -12 -13 14 15 16 -17 -18 19 20 0
wuf20-0604 15965 1 2 3 4 5 6 7 -8 -9 10 11 12 -13 14 15 16 17 18 19 20 0
wuf20-0605 20031 1 2 3 4 5 6 -7 8 9 -10 11 12 13 -14 -15 16 17 -18 19 20 0
wuf20-0606 15126 -1 2 3 -4 5 6 7 8 9 -10 11 12 13 -14 15 16 17 18 19 20 0
wuf20-0607 16037 1 -2 3 4 5 6 7 8 9 10 11 12 13 -14 15 16 -17 18 19 20 0
wuf20-0608 18480 -1 -2 3 4 5 -6 7 8 -9 10 11 12 13 14 15 16 -17 -18 19 20 0
wuf20-0609 16921 -1 2 3 -4 -5 6 7 8 9 -10 11 12 13 14 -15 16 17 -18 19 20 0
wuf20-061 18107 1 2 3 -4 5 -6 7 8 9 10 -11 -12 13 14 15 16 17 18 19 20 0
wuf20-0610 14342 1 2 3 -4 5 6 7 8 9 -10 11 12 13 -14 15 16 17 -18 19 20 0
wuf20-0611 20770 1 2 3 4 5 6 7 8 9 10 11 -12 13 -14 15 -16 -17 -18 -19 20 0
wuf20-0612 17560 -1 2 3 4 -5 6 -7 8 9 10 -11 12 13 14 15 -16 17 -18 19 20 0
wuf20-0613 18118 -1 2 3 4 5 6 -7 8 9 -10 11 -12 13 14 -15 16 17 18 19 -20 0
wuf20-0614 15254 1 -2 3 4 5 -6 7 -8 9 10 11 -12 -13 -14 15 16 17 -18 -19 20 0
wuf20-0615 16060 1 2 3 -4 5 6 7 8 -9 -10 11 -12 -13 -14 -15 16 17 18 19 20 0
wuf20-0616 17334 1 2 -3 4 -5 -6 7 8 -9 -10 -11 12 13 -14 -15 -16 17 18 19 20 0
wuf20-0617 16808 1 2 3 4 5 -6 7 8 9 -10 -11 12 -13 14 15 16 17 -18 -19 20 0
wuf20-0618 16026 1 2 3 4 5 6 7 -8 9 10 11 12 13 14 -15 -16 17 18 19 20 0
wuf20-0619 17901 1 -2 -3 4 5 6 7 8 9 10 11 12 13 14 15 16 17 18 19 -20 0
wuf20-062 17563 1 -2 3 -4 5 6 7 8 9 -10 -11 12 13 -14 -15 16 17 18 -19 20 0
wuf20-0620 19342 1 2 3 4 5 6 7 8 -9 10 11 -12 13 14 -15 16 -17 18 -19 -20 0
wuf20-0621 16996 1 2 3 4 -5 6 7 8 9 10 -11 -12 13 14 15 16 17 18 -19 20 0
wuf20-0622 21612 1 2 -3 -4 5 -6 7 -8 -9 -10 11 12 13 -14 15 16 17 -18 19 20 0
wuf20-0623 16965 1 2 3 4 5 -6 7 8 9 -10 -11 12 13 14 15 16 17 -18 19 20 0
wuf20-0624 19093 1 -2 3 -4 5 -6 7 -8 9 -10 -11 12 13 -14 -15 16 -17 18 -19 20 0
wuf20-0625 14564 -1 2 -3 4 -5 6 7 8 -9 -10 11 12 13 14 15 16 -17 18 -19 20 0
wuf20-0626 17229 1 -2 3 -4 -5 -6 -7 8 9 10 11 12 -13 14 -15 16 17 18 19 -20 0
wuf20-0627 17461 1 -2 -3 4 5 -6 7 8 9 -10 11 12 13 14 15 16 17 18 19 20 0
wuf20-0628 15983 1 2 3 4 5 6 -7 8 -9 10 11 12 13 14 15 16 17 18 19 -20 0
wuf20-0629 16220 -1 2 3 -4 5 -6 7 8 9 10 11 12 -13 -14 15 16 -17 18 19 20 0
wuf20-063 19019 1 2 3 -4 5 6 -7 8 9 -10 11 12 13 -14 -15 16 17 18 19 20 0
wuf20-0630 15435 -1 -2 -3 4 5 6 7 8 -9 10 -11 12 13 14 15 16 17 18 19 -20 0
wuf20-0631 18340 1 2 3 4 5 -6 7 8 -9 10 11 12 13 -14 15 -16 17 18 19 20 0
wuf20-0632 16375 -1 2 3 -4 -5 6 -7 8 9 10 11 12 -13 14 15 16 17 -18 19 -20 0
wuf20-0633 15780 1 2 3 -4 -5 6 7 8 9 10 -11 12 -13 14 15 16 17 18 19 20 0
wuf20-0634 17720 1 2 3 -4 5 6 7 -8 9 10 11 12 -13 -14 15 -16 17 18 19 -20 0
wuf20-0635 18036 1 -2 3 4 5 6 7 8 9 10 11 12 13 -14 15 16 17 18 19 20 0
wuf20-0636 17883 1 2 3 -4 -5 6 7 8 9 10 11 -12 13 -14 -15 16 17 18 19 20 0
wuf20-0637 17127 1 2 -3 4 5 6 7 -8 -9 10 -11 12 -13 -14 15 16 17 -18 -19 20 0
wuf20-0638 18706 1 2 3 4 5 6 7 -8 9 10 11 12 13 14 15 16 -17 18 -19 -20 0
wuf20-0639 15548 1 -2 3 4 5 6 7 8 9 10 11 -12 13 -14 15 -16 17 -18 19 20 0
wuf20-064 16710 1 2 3 -4 5 -6 -7 8 9 10 11 12 -13 14 15 16 17 -18 19 20 0
wuf20-0640 17365 1 2 -3 -4 5 6 -7 -8 9 10 -11 12 13 14 15 16 17 18 19 20 0
wuf20-0641 14937 1 2 -3 4 -5 6 7 8 9 -10 -11 -12 -13 14 -15 16 17 18 19 20 0
wuf20-0642 17916 -1 2 3 -4 5 6 -7 8 -9 -10 11 12 13 14 15 16 -17 18 19 20 0
wuf20-0643 17609 1 2 3 4 5 6 7 8 -9 10 -11 12 13 14 15 -16 17 18 19 -20 0
wuf20-0644 15275 -1 2 3 4 5 -6 7 -8 9 10 11 12 13 14 15 -16 17 18 19 20 0
wuf20-0645 18045 1 2 -3 -4 5 6 7 -8 9 10 -11 12 13 14 15 16 17 18 19 20 0
wuf20-0646 18208 1 -2 -3 4 5 -6 7 -8 9 10 11 12 13 14 15 16 -17 18 19 20 0
wuf20-0647 17583 1 -2 3 -4 5 6 -7 8 9 10 11 12 13 14 -15 16 -17 18 19 20 0
wuf20-0648 18725 1 2 3 4 5 6 -7 8 9 10 -11 12 13 -14 15 16 17 -18 19 20 0
wuf20-0649 17449 -1 2 3 4 5 -6 7 8 9 -10 11 12 -13 14 15 16 -17 18 -19 -20 0
wuf20-065 14696 1 2 3 4 5 6 -7 8 -9 10 11 -12 13 14 -15 16 17 18 19 -20 0
wuf20-0650 19642 1 2 3 -4 -5 6 7 8 9 10 11 -12 13 14 -15 16 17 -18 -19 20 0
wuf20-0651 15027 1 -2 3 4 5 6 7 8 9 10 -11 12 -13 14 -15 16 17 18 19 20 0
wuf20-0652 15710 -1 -2 3 4 5 6 7 8 -9 10 11 12 13 14 -15 16 -17 18 19 20 0
wuf20-0653 18561 1 2 3 -4 5 6 7 -8 9 -10 11 12 -13 14 -15 16 -17 18 19 20 0
wuf20-0654 22837 -1 2 -3 -4 5 6 7 -8 9 10 11 -12 13 14 15 16 17 18 19 -20 0
wuf20-0655 19095 1 2 -3 -4 5 6 -7 8 -9 10 11 12 13 -14 -15 16 17 -18 -19 20 0
wuf20-0656 17786 1 -2 3 -4 -5 6 7 -8 9 10 -11 -12 13 14 15 16 -17 18 -19 20 0
wuf20-0657 14744 1 2 -3 4 -5 6 7 -8 -9 10 11 12 13 14 -15 16 17 18 -19 20 0
wuf20-0658 18176 -1 -2 3 4 -5 6 -7 8 9 10 11 12 13 -14 -15 16 17 -18 19 20 0
wuf20-0659 17690 1 2 -3 4 -5 -6 -7 8 9 10 11 -12 13 -14 15 16 17 18 19 20 0
wuf20-066 13758 1 2 -3 4 5 6 7 -8 9 -10 11 12 -13 14 15 16 17 18 19 20 0
wuf20-0660 16442 1 2 -3 -4 5 6 -7 8 9 10 11 12 13 14 15 16 17 18 19 -20 0
wuf20-0661 14718 -1 2 3 -4 -5 6 7 8 9 10 11 12 13 14 15 16 17 18 -19 20 0
wuf20-0662 17614 1 2 -3 4 5 6 -7 8 9 10 -11 12 13 14 15 16 17 18 19 20 0
wuf20-0663 16873 1 2 -3 4 -5 6 7 8 9 10 -11 12 -13 14 15 -16 17 -18 19 20 0
wuf20-0664 15549 1 2 3 4 5 6 -7 8 9 10 11 12 13 -14 -15 16 17 18 19 20 0
wuf20-0665 17104 1 2 -3 -4 5 -6 7 8 9 -10 11 12 13 14 15 16 17 18 19 -20 0
wuf20-0666 15901 1 2 -3 4 5 6 7 -8 -9 10 11 -12 -13 -14 15 16 17 18 19 20 0
wuf20-0667 18737 1 -2 -3 4 5 -6 7 8 9 10 11 12 13 14 -15 -16 17 18 19 20 0
wuf20-0668 15776 1 2 3 4 5 -6 7 8 -9 10 11 -12 13 14 15 16 17 18 19 20 0
wuf20-0669 17398 1 2 3 -4 5 -6 7 -8 9 10 11 12 13 -14 15 16 -17 18 19 20 0
wuf20-067 23169 -1 2 3 4 5 6 -7 8 9 10 11 12 -13 14 15 -16 -17 18 19 20 0
wuf20-0670 16531 1 2 -3 4 5 -6 7 8 9 10 -11 12 13 14 -15 16 17 18 -19 -20 0
wuf20-0671 17777 -1 2 3 4 5 6 7 8 -9 10 -11 12 13 -14 15 16 17 -18 19 20 0
wuf20-0672 19315 -1 -2 -3 4 5 6 7 8 9 -10 -11 -12 13 14 15 16 17 18 19 20 0
wuf20-0673 20020 -1 2 -3 4 5 6 -7 -8 -9 10 11 12 -13 14 -15 16 -17 -18 19 20 0
wuf20-0674 15170 1 -2 3 4 5 -6 -7 -8 -9 10 11 12 13 14 15 16 17 -18 -19 -20 0
wuf20-0675 15892 1 2 -3 4 5 6 -7 8 9 -10 -11 12 13 14 15 16 17 18 19 20 0
wuf20-0676 18129 1 2 3 4 5 6 -7 -8 -9 10 11 12 13 -14 15 -16 17 -18 19 20 0
wuf20-0677 17410 -1 -2 3 4 5 6 7 8 9 10 11 -12 -13 14 -15 16 17 18 19 20 0
wuf20-0678 16734 -1 2 3 4 5 -6 7 8 9 10 11 12 13 14 -15 16 17 18 -19 -20 0
wuf20-0679 16745 1 2 3 4 5 -6 7 8 9 10 -11 -12 13 14 15 16 17 18 19 -20 0
wuf20-068 17722 1 2 3 4 5 6 7 8 9 -10 -11 12 13 14 15 -16 -17 18 19 20 0
wuf20-0680 19051 1 2 3 4 5 6 -7 8 9 10 11 12 -13 14 15 16 17 18 19 20 0
wuf20-0681 15335 1 -2 -3 4 5 6 7 8 9 -10 -11 12 13 14 15 -16 -17 18 -19 20 0
wuf20-0682 15733 -1 2 -3 -4 -5 6 -7 8 9 10 11 -12 13 14 15 16 17 18 19 20 0
wuf20-0683 22108 1 -2 -3 -4 -5 6 7 8 -9 10 11 -12 13 14 15 16 17 -18 19 20 0
wuf20-0684 17383 1 2 3 -4 -5 -6 7 8 -9 -10 11 12 13 14 15 16 17 18 19 -20 0
wuf20-0685 17003 -1 2 -3 -4 5 -6 7 8 9 10 11 -12 13 14 15 16 17 -18 19 -20 0
wuf20-0686 17196 1 2 3 4 5 -6 -7 8 9 -10 -11 -12 13 14 15 16 17 -18 19 -20 0
wuf20-0687 20453 1 2 3 4 5 6 -7 -8 -9 -10 11 12 13 -14 15 16 17 18 19 20 0
wuf20-0688 17804 1 2 -3 4 5 6 7 8 9 10 11 12 13 14 15 16 -17 -18 19 20 0
wuf20-0689 16515 -1 2 3 -4 -5 6 7 8 9 -10 11 12 -13 -14 -15 16 17 18 19 -20 0
wuf20-069 16423 1 2 3 -4 5 6 7 8 9 10 11 12 13 14 15 -16 -17 -18 19 -20 0
wuf20-0690 16445 1 2 -3 4 -5 -6 -7 8 9 10 11 -12 13 14 15 16 17 -18 19 -20 0
wuf20-0691 12842 1 2 -3 4 5 6 7 8 9 10 -11 12 -13 -14 15 16 17 -18 19 20 0
wuf20-0692 16965 1 2 -3 4 5 6 7 -8 9 10 11 12 13 14 15 16 17 18 19 20 0
wuf20-0693 15630 -1 -2 3 -4 5 6 7 8 9 10 11 -12 13 14 15 -16 17 18 -19 20 0
wuf20-0694 20196 -1 2 3 4 5 6 -7 -8 9 10 11 12 -13 -14 -15 -16 17 18 19 20 0
wuf20-0695 16448 -1 2 3 4 -5 6 7 8 9 10 11 12 13 -14 15 16 17 18 19 -20 0
wuf20-0696 14854 1 2 3 4 5 6 7 8 9 -10 -11 12 -13 14 15 -16 -17 18 -19 -20 0
wuf20-0697 17353 1 2 3 -4 5 -6 7 8 9 10 11 12 13 14 -15 16 17 18 19 -20 0
wuf20-0698 18303 -1 -2 3 4 5 6 7 8 9 10 -11 12 13 14 15 16 17 18 19 -20 0
wuf20-0699 16921 1 -2 -3 4 5 -6 -7 8 9 10 11 12 13 -14 15 16 17 18 19 20 0
wuf20-07 86015 -1 2 3 4 -5 6 7 8 9 -10 11 12 13 14 15 -16 -17 18 19 20 0
wuf20-070 15975 1 2 3 4 5 6 -7 8 9 -10 11 12 13 14 -15 -16 17 18 19 -20 0
wuf20-0700 17980 1 2 3 4 5 6 7 -8 9 10 11 12 -13 14 15 16 -17 18 19 20 0
wuf20-0701 15255 1 2 3 4 -5 -6 7 8 9 -10 -11 12 13 -14 -15 -16 -17 -18 -19 -20 0
wuf20-0702 17569 1 2 3 4 5 6 -7 -8 9 10 11 12 13 14 15 -16 17 18 19 20 0
wuf20-0703 18823 1 2 3 4 -5 6 7 -8 -9 -10 11 -12 -13 14 -15 16 17 18 19 20 0
wuf20-0704 19977 -1 2 3 -4 -5 6 7 -8 9 10 11 12 -13 14 -15 16 17 18 19 20 0
wuf20-0705 13198 1 2 3 4 5 6 7 -8 9 -10 11 12 13 -14 15 16 17 18 19 20 0
wuf20-0706 17075 1 -2 3 4 -5 6 7 8 9 10 11 -12 13 -14 15 -16 17 18 19 20 0
wuf20-0707 15266 1 2 3 4 -5 -6 7 -8 9 10 11 12 -13 14 15 -16 17 18 19 -20 0
wuf20-0708 17132 1 2 3 4 5 6 7 -8 9 10 11 12 13 14 -15 -16 17 18 19 -20 0
wuf20-0709 15228 1 -2 3 4 5 6 -7 8 9 10 11 -12 13 14 15 16 17 18 19 20 0
wuf20-071 15126 1 2 -3 4 5 6 -7 -8 -9 -10 11 12 13 -14 15 -16 -17 -18 -19 20 0
wuf20-0710 18960 1 -2 3 4 -5 6 7 8 -9 -10 11 12 13 -14 -15 16 17 18 19 20 0
wuf20-0711 18807 -1 2 -3 4 -5 -6 -7 8 9 10 11 12 -13 14 15 16 17 18 19 20 0
wuf20-0712 17027 -1 2 3 -4 -5 6 -7 -8 -9 10 -11 12 13 14 -15 -16 17 18 19 20 0
wuf20-0713 17699 1 2 -3 4 5 6 -7 8 9 10 11 -12 13 14 15 16 17 18 19 20 0
wuf20-0714 17840 -1 2 -3 4 5 -6 -7 8 9 10 11 12 13 14 15 16 17 18 19 20 0
wuf20-0715 18480 -1 -2 3 4 -5 6 -7 8 9 10 11 -12 13 14 15 16 -17 -18 19 20 0
wuf20-0716 13142 1 2 -3 4 5 6 -7 8 -9 10 -11 -12 13 14 15 16 17 18 -19 20 0
wuf20-0717 19168 1 2 3 4 5 -6 7 8 -9 10 -11 12 -13 14 15 -16 -17 18 -19 -20 0
wuf20-0718 14776 1 2 -3 4 -5 6 7 -8 9 10 11 12 -13 -14 -15 16 17 -18 19 20 0
wuf20-0719 16499 1 2 3 4 5 6 -7 -8 9 -10 -11 12 -13 14 15 16 17 18 19 20 0
wuf20-072 16848 1 -2 -3 4 5 6 7 8 9 10 11 12 -13 14 -15 -16 17 -18 19 20 0
wuf20-0720 16923 1 2 3 4 5 6 7 8 9 10 11 -12 -13 14 15 16 -17 18 19 20 0
wuf20-0721 15223 1 2 3 4 -5 -6 7 -8 9 -10 11 12 13 14 15 16 17 18 19 20 0
wuf20-0722 19510 1 2 -3 4 5 6 7 8 -9 10 11 12 -13 14 15 16 17 18 19 -20 0
wuf20-0723 15718 1 -2 3 4 5 6 7 8 9 10 -11 12 -13 14 15 -16 17 18 19 20 0
wuf20-0724 16477 1 2 3 4 5 6 7 8 -9 10 11 12 13 14 15 16 17 18 19 20 0
wuf20-0725 16451 -1 -2 3 4 5 6 -7 8 9 10 -11 12 13 -14 15 16 17 -18 19 20 0
wuf20-0726 16493 1 2 -3 4 -5 6 -7 8 9 10 11 12 -13 -14 15 16 17 18 19 20 0
wuf20-0727 18216 1 2 3 4 5 6 -7 8 9 10 11 12 13 -14 15 16 17 -18 19 20 0
wuf20-0728 18240 1 -2 3 4 -5 6 7 8 9 10 -11 12 13 -14 15 16 17 -18 -19 -20 0
wuf20-0729 16358 1 -2 3 4 -5 -6 7 -8 9 -10 11 12 -13 14 -15 16 17 18 -19 20 0
wuf20-073 13431 1 2 3 4 5 6 7 8 9 -10 -11 12 13 -14 -15 16 17 18 19 20 0
wuf20-0730 14763 -1 2 -3 -4 5 -6 7 -8 9 10 -11 12 -13 14 -15 16 17 -18 19 20 0
wuf20-0731 14905 -1 2 3 4 -5 6 7 8 9 -10 -11 12 13 -14 -15 16 -17 18 -19 20 0
wuf20-0732 16851 1 2 -3 -4 5 6 -7 8 9 10 11 12 13 14 15 16 17 18 -19 -20 0
wuf20-0733 16621 1 2 3 4 5 6 7 8 9 -10 11 -12 13 14 15 16 17 -18 19 -20 0
wuf20-0734 17273 1 2 -3 4 5 6 7 8 9 10 11 12 13 14 15 16 17 18 19 20 0
wuf20-0735 14496 -1 2 -3 4 5 -6 -7 8 9 10 11 12 13 14 -15 -16 17 -18 19 20 0
wuf20-0736 18271 1 2 3 4 5 6 7 -8 9 10 -11 -12 -13 14 15 -16 17 18 19 20 0
wuf20-0737 16304 1 2 3 -4 -5 6 7 -8 -9 10 11 12 13 14 15 -16 -17 -18 -19 20 0
wuf20-0738 20998 -1 2 3 4 -5 6 7 8 9 10 11 -12 13 -14 -15 16 17 18 19 20 0
wuf20-0739 13515 1 2 3 4 5 6 7 -8 9 10 11 12 13 14 15 16 -17 -18 19 -20 0
wuf20-074 15391 1 2 3 4 5 6 -7 8 9 10 11 12 -13 14 15 16 17 18 -19 20 0
wuf20-0740 16167 1 -2 3 4 5 6 7 8 9 -10 -11 12 -13 14 15 16 17 18 19 20 0
wuf20-0741 18993 1 2 3 4 -5 6 7 8 9 10 -11 12 -13 -14 15 16 17 18 -19 20 0
wuf20-0742 17957 1 2 3 4 5 -6 7 8 9 10 11 12 -13 14 15 16 17 18 -19 20 0
wuf20-0743 15298 -1 -2 3 -4 5 -6 7 8 -9 10 11 12 13 14 15 16 17 18 -19 -20 0
wuf20-0744 18791 1 -2 3 -4 -5 -6 7 8 9 10 -11 12 13 -14 15 16 17 18 19 20 0
wuf20-0745 18725 1 -2 -3 4 5 6 7 8 -9 10 -11 12 13 -14 15 16 17 -18 -19 20 0
wuf20-0746 16583 1 2 3 4 5 6 7 8 9 10 -11 12 13 14 15 16 17 18 19 -20 0
wuf20-0747 16433 1 2 -3 4 5 6 -7 8 9 10 11 12 -13 -14 15 16 17 18 19 20 0
wuf20-0748 17269 1 2 3 4 -5 6 7 -8 9 10 11 -12 13 -14 15 16 -17 -18 -19 20 0
wuf20-0749 11947 1 2 3 4 5 -6 7 8 9 10 -11 12 13 14 15 16 17 18 19 20 0
wuf20-075 16575 1 -2 3 -4 5 -6 7 -8 9 10 11 12 -13 -14 15 -16 17 18 19 20 0
wuf20-0750 13761 1 2 3 4 5 6 7 8 9 10 11 12 13 14 -15 16 17 -18 19 20 0
wuf20-0751 18040 -1 2 3 4 5 6 7 8 -9 -10 11 12 13 14 15 -16 17 -18 19 20 0
wuf20-0752 17797 1 2 3 4 5 6 7 8 9 10 -11 -12 -13 14 15 16 -17 -18 19 -20 0
wuf20-0753 17153 1 2 -3 4 5 6 -7 8 9 -10 11 12 13 14 -15 16 17 18 19 -20 0
wuf20-0754 14717 1 2 3 4 5 6 7 8 9 10 -11 12 -13 14 -15 16 17 18 19 20 0
wuf20-0755 17809 1 2 3 4 5 6 7 -8 9 10 11 -12 13 14 15 16 17 18 -19 -20 0
wuf20-0756 15640 -1 2 -3 4 5 -6 7 8 9 -10 11 12 -13 14 15 16 -17 -18 19 -20 0
wuf20-0757 16500 1 2 3 4 5 6 -7 8 -9 10 11 12 13 14 15 16 17 18 19 20 0
wuf20-0758 14975 -1 2 3 4 5 6 7 8 9 10 11 12 13 14 15 -16 17 -18 19 20 0
wuf20-0759 17293 1 2 3 4 5 -6 -7 8 9 10 11 12 13 -14 15 16 17 18 -19 20 0
wuf20-076 106943 1 -2 -3 4 5 -6 7 -8 -9 10 11 12 13 14 15 16 17 -18 19 20 0
wuf20-0760 17560 1 -2 3 -4 5 6 7 8 9 10 -11 12 13 -14 -15 16 -17 18 19 20 0
wuf20-0761 18905 1 2 3 4 5 -6 7 8 9 10 11 -12 13 14 15 16 17 18 19 20 0
wuf20-0762 81600 1 -2 3 -4 5 -6 -7 8 9 10 -11 12 13 14 15 16 17 18 19 20 0
wuf20-0763 77558 1 2 3 4 5 6 -7 8 9 10 11 12 13 14 -15 16 17 18 -19 20 0
wuf20-0764 82279 1 -2 3 4 5 6 7 8 -9 10 -11 12 13 14 -15 16 17 18 19 20 0
wuf20-0765 75506 -1 -2 3 4 5 6 7 8 9 10 11 12 13 14 -15 16 17 18 19 -20 0
wuf20-0766 111082 1 2 3 -4 5 6 -7 8 9 10 11 12 13 14 15 16 -17 18 -19 20 0
wuf20-0767 101009 1 2 3 4 5 6 7 8 -9 10 11 12 -13 14 15 -16 -17 18 19 20 0
wuf20-0768 75469 1 2 -3 4 5 -6 7 -8 -9 10 11 12 13 -14 15 -16 -17 18 -19 20 0
wuf20-0769 87615 -1 2 -3 4 5 6 7 8 9 10 11 12 13 14 15 16 -17 18 -19 -20 0
wuf20-0770 96148 1 2 3 4 5 -6 7 8 9 -10 11 -12 13 14 15 -16 17 18 19 20 0
wuf20-0771 85362 -1 2 3 4 5 -6 7 8 9 10 11 -12 13 14 -15 16 17 18 -19 20 0
wuf20-0772 95288 1 -2 3 -4 -5 -6 7 8 9 10 11 12 13 14 15 16 -17 -18 19 20 0
wuf20-0773 91185 1 2 -3 -4 -5 6 7 8 -9 10 11 -12 -13 14 15 16 17 18 19 20 0
wuf20-0774 89032 -1 -2 -3 4 -5 6 7 8 9 -10 11 12 -13 14 15 16 -17 18 -19 20 0
wuf20-0775 90605 -1 2 3 -4 5 6 7 -8 9 -10 -11 12 -13 14 -15 16 -17 18 -19 20 0
wuf20-0776 113677 1 -2 3 4 5 -6 7 -8 9 -10 -11 12 -13 14 15 16 17 18 19 20 0
wuf20-0777 80798 1 2 -3 4 5 6 7 8 9 -10 -11 -12 -13 14 15 16 -17 18 19 20 0
wuf20-0778 92026 1 -2 -3 4 5 6 7 -8 9 10 11 -12 13 14 -15 -16 17 18 -19 -20 0
wuf20-0779 101469 -1 2 3 4 5 6 7 8 9 10 11 -12 13 14 15 16 -17 -18 -19 20 0
wuf20-078 95841 1 2 3 4 5 -6 7 -8 9 -10 11 12 -13 14 15 -16 17 18 19 20 0
wuf20-0781 88153 1 2 3 4 -5 -6 -7 8 9 10 11 -12 13 14 15 16 17 18 19 -20 0
wuf20-0782 79477 -1 -2 3 4 5 6 7 -8 9 10 11 12 -13 14 15 16 -17 -18 -19 20 0
wuf20-0783 102059 1 2 -3 4 -5 -6 7 8 9 -10 11 12 13 14 15 16 17 18 19 20 0
wuf20-0784 93800 1 -2 -3 4 5 -6 7 -8 9 10 11 12 13 14 15 16 -17 -18 19 20 0
wuf20-0785 85169 1 -2 3 -4 -5 6 7 8 9 10 11 12 13 -14 -15 16 17 18 -19 -20 0
wuf20-0786 88815 1 2 -3 4 5 -6 7 8 9 -10 -11 12 13 14 -15 16 17 -18 19 20 0
wuf20-0787 91679 1 2 3 4 -5 -6 -7 -8 -9 10 11 12 13 -14 15 -16 17 18 19 20 0
wuf20-0788 95788 1 2 -3 -4 5 6 7 8 9 10 11 -12 13 14 15 16 17 18 19 20 0
wuf20-0789 64632 1 2 3 4 -5 6 7 -8 9 10 11 12 -13 14 15 16 -17 18 19 20 0
wuf20-079 84278 1 -2 3 4 5 6 -7 -8 9 10 11 12 -13 14 15 -16 17 -18 -19 20 0
wuf20-0790 94622 -1 2 3 4 5 6 7 8 9 10 11 12 13 14 -15 16 -17 18 19 20 0
wuf20-0791 93336 1 2 3 4 -5 6 7 -8 9 10 11 -12 13 -14 15 16 17 18 19 20 0
wuf20-0792 104498 1 -2 -3 4 -5 -6 7 8 9 -10 11 12 13 14 15 -16 -17 18 -19 20 0
wuf20-0793 106221 1 -2 3 4 5 6 7 -8 9 10 11 -12 -13 14 15 16 17 18 19 20 0
wuf20-0794 79045 1 2 3 4 5 6 7 8 9 10 11 12 13 14 -15 16 -17 -18 -19 20 0
wuf20-0795 101275 1 2 -3 4 5 -6 -7 8 9 10 11 -12 13 -14 15 16 -17 18 -19 20 0
wuf20-0796 74126 1 -2 3 4 5 6 -7 8 -9 10 11 12 -13 -14 -15 -16 17 18 19 -20 0
wuf20-0797 109575 1 2 3 4 5 -6 7 8 9 10 11 -12 13 14 15 16 17 18 19 -20 0
wuf20-0798 69633 1 2 3 4 5 6 7 -8 9 -10 -11 -12 13 -14 15 16 17 18 19 20 0
wuf20-0799 93184 1 2 3 -4 5 6 -7 -8 9 10 11 12 13 14 15 16 17 18 19 -20 0
wuf20-08 84297 -1 -2 3 4 -5 6 7 8 9 -10 11 12 13 14 -15 16 17 -18 -19 20 0
wuf20-080 98633 1 2 3 4 5 -6 7 8 9 10 11 12 13 14 15 16 -17 -18 -19 20 0
wuf20-0800 78998 1 2 3 4 5 6 7 8 9 -10 11 12 -13 -14 -15 16 17 18 19 -20 0
wuf20-0801 104132 1 2 3 4 5 6 7 8 9 10 11 12 -13 14 15 16 17 18 19 -20 0
wuf20-0802 106319 1 2 3 -4 -5 -6 7 -8 9 10 11 12 13 14 -15 16 17 18 19 20 0
wuf20-0803 89812 -1 2 3 4 5 6 7 -8 9 10 -11 12 -13 14 15 16 -17 18 19 20 0
wuf20-0804 110597 1 2 3 4 5 6 7 8 -9 -10 11 12 -13 14 15 -16 17 18 19 20 0
wuf20-0805 98739 1 2 3 4 5 6 7 8 9 10 11 12 13 14 -15 16 17 -18 19 20 0
wuf20-0806 68867 1 2 -3 4 -5 6 7 8 9 -10 11 12 13 14 15 -16 17 -18 -19 20 0
wuf20-0807 106300 1 2 3 4 5 6 7 8 -9 -10 11 12 13 14 15 16 17 -18 19 -20 0
wuf20-0808 84717 1 2 -3 -4 5 6 7 8 -9 10 11 -12 13 -14 15 16 -17 18 19 -20 0
wuf20-0809 89556 -1 -2 3 4 -5 -6 7 8 9 10 -11 12 -13 14 15 16 17 18 19 20 0
wuf20-081 97959 1 2 3 4 5 6 7 8 9 10 11 -12 13 -14 15 16 17 18 19 -20 0
wuf20-0810 123307 1 -2 3 -4 5 6 -7 -8 9 10 11 -12 13 -14 15 16 -17 -18 19 20 0
wuf20-0811 85582 1 2 3 4 5 6 -7 8 9 10 11 -12 13 -14 15 16 17 18 -19 -20 0
wuf20-0812 81569 1 -2 -3 4 5 6 7 -8 9 -10 11 12 13 14 15 16 17 -18 19 20 0
wuf20-0813 95816 1 2 3 4 5 -6 7 -8 9 10 11 12 13 14 -15 16 17 18 -19 20 0
wuf20-0814 86105 1 2 3 4 5 6 -7 8 9 -10 11 12 13 14 -15 16 -17 18 19 20 0
wuf20-0815 94812 1 2 3 4 5 6 7 8 -9 -10 11 12 13 14 15 16 17 -18 19 -20 0
wuf20-0816 86352 1 -2 3 4 5 6 -7 -8 -9 -10 11 12 13 14 15 -16 17 18 19 20 0
wuf20-0817 93297 -1 -2 -3 4 -5 -6 7 8 9 10 11 12 13 -14 -15 16 17 18 -19 20 0
wuf20-0818 86853 -1 2 3 -4 5 6 -7 8 9 10 11 -12 -13 -14 15 16 17 18 19 20 0
wuf20-0819 97943 1 2 -3 4 5 6 7 8 9 -10 11 -12 13 14 15 16 17 18 19 20 0
wuf20-082 85902 -1 2 3 4 5 -6 -7 8 9 10 11 12 13 14 -15 16 17 18 -19 20 0
wuf20-0820 89102 1 2 3 4 5 6 7 8 9 10 11 12 -13 14 15 -16 17 -18 19 -20 0
wuf20-0821 83510 1 2 3 4 -5 -6 7 8 -9 10 -11 12 -13 14 15 16 -17 18 19 -20 0
wuf20-0822 111615 -1 2 -3 -4 5 6 7 8 9 10 11 -12 13 -14 -15 16 17 18 -19 -20 0
wuf20-0823 96953 -1 -2 3 4 5 6 -7 -8 9 10 11 12 13 14 -15 16 17 -18 19 20 0
wuf20-0824 100346 1 -2 3 -4 5 -6 -7 -8 9 10 11 12 -13 14 15 16 17 18 19 20 0
wuf20-0825 94869 1 2 -3 -4 -5 -6 7 8 -9 -10 11 12 13 14 15 -16 17 18 19 20 0
wuf20-0826 80551 1 -2 3 4 5 6 7 -8 9 10 11 12 13 -14 15 16 17 18 19 20 0
wuf20-0827 90655 1 2 -3 4 5 6 -7 -8 9 -10 -11 12 -13 14 -15 16 17 18 19 -20 0
wuf20-0828 106621 1 -2 3 4 5 6 7 8 9 10 11 12 13 14 15 -16 17 -18 19 20 0
wuf20-0829 95719 1 2 3 4 5 6 -7 8 9 10 11 12 -13 -14 -15 16 17 18 19 20 0
wuf20-083 85103 1 -2 3 -4 -5 6 -7 8 9 10 11 -12 13 14 15 16 17 18 -19 20 0
wuf20-0830 105884 1 -2 3 -4 5 6 -7 8 9 10 11 12 -13 14 -15 16 17 18 19 20 0
wuf20-0831 87099 -1 2 3 4 5 6 7 8 9 10 11 12 13 -14 15 16 17 -18 19 20 0
wuf20-0832 83728 1 -2 3 4 5 -6 -7 -8 -9 10 11 -12 13 -14 -15 16 17 -18 19 20 0
wuf20-0833 93547 -1 2 -3 4 -5 6 7 8 9 10 -11 12 -13 -14 -15 16 17 -18 -19 20 0
wuf20-0834 99323 -1 -2 3 4 5 6 7 -8 -9 -10 -11 12 -13 -14 15 16 -17 18 -19 20 0
wuf20-0835 96000 -1 2 3 4 5 6 7 8 9 -10 11 12 13 14 15 -16 17 18 19 20 0
wuf20-0836 84608 1 -2 3 -4 5 6 7 8 9 -10 -11 12 13 14 15 16 -17 -18 19 20 0
wuf20-0837 92302 1 -2 3 4 5 6 -7 -8 9 10 -11 12 13 14 -15 -16 17 18 19 -20 0
wuf20-0838 116018 1 -2 -3 -4 5 -6 7 8 9 -10 11 12 13 14 -15 16 17 18 19 20 0
wuf20-0839 77606 -1 -2 -3 4 5 6 7 -8 9 10 11 12 13 -14 15 16 17 -18 -19 20 0
wuf20-084 91648 1 2 3 4 -5 -6 7 8 -9 -10 11 12 13 14 15 16 17 18 -19 20 0
wuf20-0840 87968 1 2 3 -4 5 6 -7 8 -9 10 -11 12 13 14 15 16 17 18 19 -20 0
wuf20-0841 106580 1 2 3 4 -5 -6 -7 8 9 10 11 12 13 14 15 16 17 18 19 -20 0
wuf20-0842 90829 1 -2 3 -4 -5 6 -7 8 9 10 11 12 13 -14 15 16 -17 -18 -19 20 0
wuf20-0843 100184 1 -2 3 4 -5 -6 -7 8 9 -10 11 12 -13 14 15 16 17 18 19 20 0
wuf20-0844 99107 1 2 3 4 5 6 7 8 9 10 11 12 -13 14 15 16 17 18 19 20 0
wuf20-0845 98198 1 -2 3 -4 5 6 7 -8 9 10 -11 12 13 -14 -15 16 17 -18 19 20 0
wuf20-0846 89062 1 -2 3 4 5 6 -7 8 9 -10 11 12 13 14 15 16 17 18 -19 20 0
wuf20-0847 88214 -1 2 -3 4 -5 -6 7 -8 9 -10 11 12 13 14 15 16 -17 -18 19 20 0
wuf20-0848 84722 -1 2 3 4 5 -6 7 -8 9 10 11 12 -13 14 15 16 17 18 19 -20 0
wuf20-0849 87111 -1 2 3 4 5 6 7 8 -9 10 11 -12 13 14 15 -16 17 18 19 20 0
wuf20-085 83384 1 2 3 4 5 6 7 8 9 -10 11 12 -13 -14 15 -16 17 18 19 20 0
wuf20-0850 86840 1 2 -3 -4 5 -6 -7 8 9 -10 11 -12 -13 14 15 16 17 -18 19 20 0
wuf20-0851 106448 1 2 3 -4 5 6 -7 8 9 -10 -11 12 -13 14 15 16 17 -18 -19 20 0
wuf20-0852 110028 1 2 -3 4 5 -6 7 -8 -9 -10 11 12 13 14 -15 16 17 18 19 -20 0
wuf20-0853 91355 1 2 3 4 5 6 -7 8 9 -10 11 -12 13 14 -15 -16 17 18 19 20 0
wuf20-0854 97400 1 -2 3 -4 5 -6 -7 8 9 -10 11 -12 13 -14 15 -16 17 18 19 -20 0
wuf20-0855 83797 -1 2 -3 4 5 6 7 8 9 10 11 12 13 14 15 16 17 18 19 20 0
wuf20-0856 118809 -1 -2 3 4 5 -6 7 8 9 -10 11 12 13 14 15 -16 17 18 19 -20 0
wuf20-0857 92638 1 -2 -3 4 -5 6 7 8 9 -10 11 12 -13 -14 15 -16 17 18 19 20 0
wuf20-0858 82781 1 -2 3 4 5 -6 -7 8 -9 10 -11 12 13 -14 15 16 17 -18 19 20 0
wuf20-0859 95214 1 2 -3 4 5 6 -7 8 9 10 11 -12 13 14 15 16 17 18 19 20 0
wuf20-086 103018 1 2 3 -4 5 6 7 -8 9 10 11 12 13 -14 15 16 17 -18 -19 20 0
wuf20-0860 89094 -1 -2 -3 4 -5 6 7 8 9 -10 11 12 13 14 -15 16 17 18 19 20 0
wuf20-0861 110638 1 2 -3 4 5 -6 -7 -8 9 10 11 -12 13 14 15 16 17 18 -19 20 0
wuf20-0862 110767 1 -2 3 4 5 -6 7 8 9 -10 -11 12 13 14 15 16 17 -18 19 20 0
wuf20-0863 112162 -1 2 3 4 5 6 7 8 9 -10 11 -12 13 14 15 16 17 18 -19 20 0
wuf20-0864 89364 1 2 3 4 5 6 7 8 9 10 11 12 13 14 -15 16 -17 18 19 20 0
wuf20-0865 93933 1 -2 3 4 5 6 -7 8 9 -10 11 -12 13 14 15 -16 17 -18 19 -20 0
wuf20-0866 92991 1 -2 3 -4 5 6 -7 8 9 10 11 12 -13 14 -15 16 17 18 -19 20 0
wuf20-0867 75299 1 2 3 4 5 6 7 8 9 -10 11 12 13 14 15 16 17 -18 19 -20 0
wuf20-0868 104638 -1 2 3 4 -5 6 7 8 9 -10 -11 12 13 14 15 16 17 18 -19 20 0
wuf20-0869 92666 -1 2 3 -4 5 -6 7 8 9 10 11 12 -13 14 15 -16 17 18 19 20 0
wuf20-087 107493 1 2 3 -4 -5 6 7 8 -9 10 11 12 13 -14 15 16 17 18 19 20 0
wuf20-0870 82052 1 -2 3 4 5 -6 7 -8 9 10 11 12 -13 -14 15 16 17 18 19 20 0
wuf20-0871 89872 1 2 -3 4 -5 6 7 8 9 10 11 12 -13 14 -15 -16 17 18 -19 -20 0
wuf20-0872 95535 -1 2 3 4 -5 -6 7 8 -9 10 11 12 13 14 15 -16 17 -18 -19 20 0
wuf20-0873 81014 1 2 -3 4 5 6 7 -8 9 10 11 -12 13 14 15 16 17 18 19 20 0
wuf20-0874 85794 1 2 3 -4 5 6 7 -8 9 10 11 12 -13 14 15 16 -17 -18 19 20 0
wuf20-0875 76077 -1 2 3 -4 5 6 -7 8 9 10 11 12 13 14 -15 16 17 18 19 20 0
wuf20-0876 102961 1 2 3 -4 5 6 7 8 9 -10 -11 12 13 14 15 16 17 18 19 20 0
wuf20-0877 103284 -1 -2 -3 4 -5 6 7 8 9 -10 11 -12 13 14 15 16 17 18 -19 -20 0
wuf20-0878 90876 -1 -2 -3 4 -5 6 7 8 9 10 11 12 13 -14 15 16 -17 18 19 -20 0
wuf20-0879 77664 1 -2 3 -4 5 6 7 8 9 10 11 12 -13 -14 -15 16 17 18 19 20 0
wuf20-0880 82687 -1 2 -3 4 5 -6 7 8 -9 10 11 12 -13 14 -15 16 17 -18 -19 20 0
wuf20-0881 133233 1 2 3 4 -5 6 7 -8 9 -10 11 12 13 -14 15 16 17 18 19 20 0
wuf20-0882 82705 1 2 3 4 5 6 7 8 9 10 11 -12 13 14 15 16 -17 18 19 20 0
wuf20-0883 114567 -1 -2 3 -4 5 6 7 8 9 -10 11 12 13 14 -15 16 17 18 -19 -20 0
wuf20-0884 82114 1 2 3 4 5 6 7 -8 9 10 11 -12 13 14 15 16 17 -18 -19 -20 0
wuf20-0885 99561 1 2 -3 4 5 6 7 8 9 -10 11 12 13 14 15 -16 17 18 19 20 0
wuf20-0886 68840 1 2 -3 -4 5 6 -7 8 9 10 -11 -12 13 14 15 16 17 18 -19 20 0
wuf20-0887 88258 -1 2 -3 4 -5 6 7 -8 9 10 -11 12 13 14 15 16 17 18 -19 20 0
wuf20-0888 88458 1 2 3 -4 5 6 -7 8 9 10 11 -12 13 14 15 16 17 18 19 20 0
wuf20-0889 77855 1 -2 3 4 5 -6 -7 8 9 10 11 12 -13 14 15 -16 17 18 19 20 0
wuf20-089 103140 1 2 -3 4 5 6 7 8 -9 10 11 12 -13 -14 -15 -16 17 18 19 20 0
wuf20-0891 100901 -1 -2 -3 4 5 6 7 8 9 -10 11 12 13 -14 15 16 17 -18 19 -20 0
wuf20-0892 90891 1 -2 -3 4 5 6 7 8 9 10 11 12 13 14 -15 16 -17 18 -19 -20 0
wuf20-0893 78919 1 2 3 4 -5 6 7 8 9 -10 11 12 13 14 -15 16 -17 -18 19 -20 0
wuf20-0894 87608 1 2 3 4 5 6 7 8 -9 10 11 12 13 14 15 -16 17 18 -19 20 0
wuf20-0895 97276 1 2 -3 4 5 6 -7 8 9 10 11 -12 -13 14 15 16 17 18 -19 -20 0
wuf20-0896 84983 -1 2 3 -4 5 6 -7 8 9 -10 11 12 -13 14 15 16 17 18 -19 20 0
wuf20-0897 93717 1 -2 -3 4 5 -6 -7 8 9 10 11 12 13 14 15 16 17 18 19 -20 0
wuf20-0898 88029 -1 -2 -3 -4 -5 6 7 8 9 -10 -11 12 13 14 15 16 17 18 19 20 0
wuf20-0899 85339 1 2 -3 -4 5 6 -7 8 9 10 -11 12 13 14 15 16 17 18 19 20 0
wuf20-09 85701 1 2 -3 4 5 -6 7 -8 9 10 11 12 13 -14 -15 16 -17 18 19 20 0
wuf20-090 102914 1 2 3 4 5 6 7 8 -9 10 11 12 13 14 15 16 17 18 19 20 0
wuf20-0900 92245 1 -2 3 -4 5 6 7 8 9 -10 -11 12 13 14 -15 16 17 18 -19 20 0
wuf20-0901 86575 1 -2 -3 4 -5 6 7 8 9 10 11 12 -13 14 15 16 17 18 19 20 0
wuf20-0902 95586 1 2 3 4 5 6 7 -8 -9 10 11 12 13 14 15 16 17 -18 19 -20 0
wuf20-0903 88815 1 -2 3 4 5 6 -7 8 -9 10 -11 12 -13 14 15 16 -17 18 -19 20 0
wuf20-0904 96932 1 -2 3 4 5 6 -7 8 9 10 -11 12 13 14 15 16 -17 18 19 -20 0
wuf20-0905 106728 1 2 3 4 -5 -6 7 -8 9 10 11 -12 13 14 15 16 17 -18 -19 -20 0
wuf20-0906 116135 1 2 3 4 -5 6 7 8 -9 -10 11 12 -13 14 15 16 17 -18 -19 20 0
wuf20-0907 108346 1 2 3 4 -5 -6 7 -8 9 10 11 12 13 -14 -15 16 -17 18 -19 20 0
wuf20-091 86088 -1 2 3 4 -5 6 7 8 9 10 -11 12 13 14 15 16 17 18 -19 -20 0
wuf20-0910 99261 -1 -2 3 4 5 6 7 8 -9 -10 11 12 13 14 15 -16 17 -18 19 20 0
wuf20-0911 123476 1 2 3 -4 5 6 7 8 9 -10 11 12 13 14 15 16 17 18 19 -20 0
wuf20-0912 106621 -1 2 3 4 5 6 -7 8 -9 -10 11 12 13 -14 15 -16 17 18 19 20 0
wuf20-0913 92397 1 2 3 4 5 -6 7 8 9 10 11 12 -13 14 15 16 -17 18 19 -20 0
wuf20-0914 101063 1 2 3 4 5 6 7 -8 9 -10 -11 12 -13 14 15 16 17 18 19 20 0
wuf20-0915 83862 -1 2 -3 -4 5 6 7 8 -9 10 11 12 13 14 15 16 -17 18 19 -20 0
wuf20-0916 82624 1 2 -3 4 5 -6 7 8 -9 10 11 12 13 14 15 16 17 18 19 20 0
wuf20-0917 105027 1 2 -3 4 -5 -6 7 8 9 10 11 -12 13 -14 15 16 17 18 19 -20 0
wuf20-0918 69805 1 2 -3 -4 -5 6 -7 8 9 10 11 12 13 -14 15 16 17 18 19 20 0
wuf20-0919 80610 -1 2 3 4 -5 6 -7 -8 9 10 11 12 13 14 15 16 17 -18 19 20 0
wuf20-092 88401 1 2 3 4 5 6 7 8 -9 10 11 12 13 14 -15 16 17 18 19 20 0
wuf20-0920 83519 1 2 3 4 5 6 7 8 -9 10 11 12 13 14 -15 16 17 18 19 20 0
wuf20-0921 95929 -1 2 -3 4 5 6 7 -8 9 -10 11 -12 13 14 15 16 -17 18 19 20 0
wuf20-0922 93141 1 -2 -3 4 5 6 7 8 9 10 11 -12 13 14 15 16 17 18 19 20 0
wuf20-0923 76500 1 -2 3 -4 5 -6 7 8 9 10 11 12 13 -14 15 16 17 18 19 20 0
wuf20-0924 80348 1 2 3 4 5 6 7 8 9 -10 -11 12 -13 14 15 16 17 -18 -19 20 0
wuf20-0925 101081 -1 2 3 -4 5 6 7 8 9 10 -11 12 -13 14 15 16 17 18 19 -20 0
wuf20-0926 87068 1 2 -3 4 5 6 7 8 9 10 11 12 13 14 15 -16 -17 18 19 20 0
wuf20-0927 86497 1 2 -3 4 -5 6 7 -8 -9 -10 11 12 -13 14 -15 16 17 18 -19 -20 0
wuf20-0928 97843 1 -2 -3 4 5 -6 7 8 9 10 11 12 13 14 15 -16 17 18 19 20 0
wuf20-0929 85140 1 2 3 4 -5 6 7 -8 9 -10 11 12 -13 -14 15 16 17 18 19 -20 0
wuf20-093 84459 1 -2 3 4 5 6 7 -8 -9 10 11 -12 13 -14 -15 -16 17 -18 19 20 0
wuf20-0930 87289 1 2 -3 4 -5 -6 7 8 9 10 11 -12 -13 14 15 16 17 18 -19 20 0
wuf20-0931 103181 -1 2 -3 -4 5 6 7 8 9 10 11 12 13 -14 -15 16 17 -18 19 -20 0
wuf20-0932 99743 1 2 3 4 5 -6 7 8 9 10 11 12 -13 14 -15 16 17 18 19 20 0
wuf20-0933 93695 -1 2 3 4 5 6 -7 -8 9 -10 -11 -12 -13 14 15 -16 17 -18 -19 20 0
wuf20-0934 74446 1 2 3 4 5 -6 7 8 9 -10 11 -12 13 14 15 16 17 18 19 -20 0
wuf20-0935 100743 1 2 3 4 5 6 7 8 -9 10 -11 12 13 14 15 16 17 18 19 20 0
wuf20-0936 113922 1 2 3 4 5 6 -7 8 9 10 11 12 -13 14 15 16 17 -18 19 -20 0
wuf20-0937 85884 1 2 -3 -4 5 -6 -7 8 9 10 11 12 -13 14 15 -16 17 18 -19 20 0
wuf20-0938 97120 1 -2 -3 4 5 -6 7 8 -9 10 11 12 13 14 -15 16 17 -18 19 20 0
wuf20-0939 114381 -1 2 3 -4 5 -6 7 8 9 10 11 12 -13 14 -15 16 17 18 19 20 0
wuf20-094 85070 1 -2 3 -4 -5 6 7 -8 9 10 11 -12 -13 14 -15 16 17 -18 19 20 0
wuf20-0940 91257 -1 2 3 4 5 6 7 -8 9 -10 11 12 -13 14 15 16 17 -18 19 20 0
wuf20-0941 90988 -1 -2 3 4 -5 -6 -7 8 -9 -10 11 12 -13 14 15 -16 17 18 -19 -20 0
wuf20-0942 95884 1 2 -3 4 5 -6 7 8 9 -10 11 12 13 -14 15 -16 17 18 19 20 0
wuf20-0943 95022 -1 2 3 4 -5 -6 7 8 -9 10 11 12 13 14 15 16 17 18 19 -20 0
wuf20-0944 105566 1 2 -3 4 5 6 7 8 9 10 11 12 13 -14 15 16 17 -18 19 20 0
wuf20-0945 93059 1 2 -3 -4 5 6 -7 8 9 10 11 12 13 14 -15 -16 17 18 19 20 0
wuf20-0946 95843 1 -2 3 4 5 -6 7 -8 9 -10 11 12 13 14 -15 16 17 18 19 20 0
wuf20-0947 113299 1 -2 3 4 -5 -6 7 8 9 10 11 12 13 14 15 16 17 18 -19 20 0
wuf20-0948 75549 1 2 3 4 5 -6 7 8 -9 10 11 12 -13 14 15 16 17 18 19 20 0
wuf20-0949 86652 1 2 -3 4 -5 6 -7 8 9 10 11 12 -13 -14 15 16 17 -18 19 20 0
wuf20-095 89870 -1 -2 3 4 -5 6 7 8 9 10 11 12 -13 14 15 16 17 18 -19 20 0
wuf20-0950 84839 1 -2 -3 -4 5 6 -7 8 9 10 -11 12 -13 14 15 16 17 -18 -19 20 0
wuf20-0951 87598 1 2 -3 4 -5 6 7 8 9 -10 -11 12 13 -14 15 16 17 18 19 20 0
wuf20-0952 90525 1 2 3 4 5 -6 -7 -8 -9 10 11 12 -13 -14 -15 -16 -17 18 -19 -20 0
wuf20-0953 111992 1 -2 3 -4 5 6 7 8 9 10 11 12 13 14 -15 16 17 -18 -19 -20 0
wuf20-0954 85705 1 2 3 4 -5 6 7 8 9 -10 11 -12 13 14 15 16 -17 18 19 -20 0
wuf20-0955 92708 1 2 3 4 -5 -6 7 8 9 10 11 -12 13 14 15 16 17 18 19 20 0
wuf20-0956 77835 1 -2 3 -4 5 6 7 8 9 -10 11 -12 -13 14 15 -16 17 18 -19 -20 0
wuf20-0957 90583 1 -2 3 4 -5 6 7 8 9 10 11 12 13 14 15 16 17 18 -19 20 0
wuf20-0958 88417 -1 2 3 -4 5 6 -7 8 9 -10 11 12 -13 -14 15 16 -17 18 19 20 0
wuf20-0959 85785 1 2 3 4 -5 6 -7 -8 9 10 -11 -12 -13 14 15 16 17 18 19 -20 0
wuf20-096 95279 -1 2 3 4 5 6 7 8 9 10 11 -12 13 14 -15 16 17 18 19 20 0
wuf20-0960 81536 1 2 3 -4 -5 6 -7 -8 9 10 11 12 -13 -14 15 16 17 -18 -19 -20 0
wuf20-0961 78874 -1 -2 3 4 -5 -6 -7 -8 9 10 11 12 -13 -14 15 -16 -17 18 -19 20 0
wuf20-0962 106518 -1 2 -3 4 5 -6 7 8 9 10 -11 -12 13 14 15 16 17 18 19 -20 0
wuf20-0963 91917 1 -2 -3 4 5 -6 7 8 9 10 11 12 13 -14 15 16 17 18 -19 20 0
wuf20-0964 86515 1 2 -3 4 5 6 7 8 9 10 11 -12 -13 14 15 16 17 -18 19 20 0
wuf20-0965 97029 1 2 3 4 5 -6 7 -8 9 10 11 12 13 14 15 -16 -17 -18 19 20 0
wuf20-0966 89036 -1 -2 3 -4 5 6 7 8 9 10 11 12 13 14 15 16 17 18 19 20 0
wuf20-0967 91506 -1 2 -3 -4 5 6 7 8 9 -10 11 12 13 -14 15 16 -17 18 19 20 0
wuf20-0968 80089 1 2 3 -4 -5 6 -7 -8 9 10 11 -12 13 -14 -15 -16 17 18 19 20 0
wuf20-0969 90231 -1 2 3 4 5 6 7 8 -9 -10 11 12 -13 -14 15 -16 17 18 19 20 0
wuf20-097 87087 1 2 3 4 -5 -6 7 8 9 -10 -11 -12 13 14 15 -16 17 18 -19 20 0
wuf20-0970 79040 -1 -2 -3 4 5 -6 7 8 9 10 -11 12 13 -14 15 16 -17 18 19 20 0
wuf20-0971 114339 1 2 -3 4 5 -6 -7 8 9 10 11 12 -13 -14 -15 16 17 18 19 20 0
wuf20-0972 97220 1 2 3 4 5 6 -7 8 9 10 11 12 13 14 15 16 -17 -18 19 20 0
wuf20-0973 85118 1 2 3 4 5 6 7 -8 9 10 11 -12 13 14 -15 16 -17 18 19 20 0
wuf20-0974 87650 1 2 3 -4 5 6 -7 8 9 -10 11 12 -13 -14 15 16 17 -18 19 20 0
wuf20-0975 92711 1 2 3 4 5 -6 7 8 9 -10 11 12 13 14 15 16 17 18 19 -20 0
wuf20-0976 79683 1 2 3 4 5 -6 -7 -8 9 10 -11 12 13 14 15 16 17 -18 -19 20 0
wuf20-0977 97663 1 2 3 4 5 -6 7 -8 9 10 11 12 13 14 15 16 17 -18 19 20 0
wuf20-0978 85659 1 2 3 4 5 6 7 8 9 10 11 12 13 14 15 -16 17 18 19 20 0
wuf20-0979 84567 1 -2 -3 4 5 6 7 8 9 10 -11 12 13 14 -15 16 17 -18 19 20 0
wuf20-098 95436 1 2 -3 -4 5 6 -7 8 -9 10 11 12 13 14 15 16 17 -18 19 20 0
wuf20-0980 108947 -1 -2 3 -4 -5 6 7 8 9 10 11 12 13 14 -15 16 17 -18 19 20 0
wuf20-0981 97645 -1 2 3 4 -5 -6 7 8 9 10 11 12 -13 14 15 16 17 18 -19 -20 0
wuf20-0982 95164 1 -2 3 4 5 -6 -7 8 -9 10 11 -12 -13 14 -15 -16 -17 18 19 20 0
wuf20-0983 92264 1 2 -3 -4 5 6 7 -8 -9 10 11 12 13 14 15 -16 17 18 19 20 0
wuf20-0984 78288 1 2 3 4 -5 6 7 8 -9 -10 11 -12 -13 -14 15 16 17 18 19 -20 0
wuf20-0985 86503 1 2 3 4 5 6 -7 -8 9 10 11 12 13 14 -15 16 17 -18 19 20 0
wuf20-0986 109676 -1 2 3 4 -5 6 7 8 -9 10 -11 -12 13 -14 15 16 17 18 19 20 0
wuf20-0987 86204 1 2 3 4 5 6 7 8 9 10 11 12 -13 14 15 -16 -17 18 -19 20 0
wuf20-0988 108180 -1 2 -3 4 5 6 -7 8 -9 10 11 12 -13 14 15 16 -17 18 19 20 0
wuf20-0989 84830 -1 -2 -3 4 5 6 7 -8 9 10 -11 12 13 14 -15 -16 -17 18 19 20 0
wuf20-099 101536 -1 -2 3 4 5 6 -7 8 -9 10 11 12 -13 14 15 16 17 -18 -19 -20 0
wuf20-0990 88440 1 -2 3 -4 5 6 7 8 -9 10 11 12 13 -14 15 16 17 18 -19 20 0
wuf20-0991 103048 1 -2 3 4 5 6 -7 8 9 10 11 12 13 14 -15 16 17 18 19 20 0
wuf20-0992 84601 -1 -2 -3 4 -5 6 -7 8 9 10 11 12 -13 14 15 -16 17 -18 -19 -20 0
wuf20-0993 82872 -1 2 3 4 5 6 -7 8 -9 10 11 12 13 14 -15 16 17 18 19 20 0
wuf20-0994 104033 1 2 3 -4 5 6 7 8 9 10 11 12 13 -14 15 -16 17 -18 19 -20 0
wuf20-0995 88170 -1 -2 -3 4 5 6 7 8 9 10 11 -12 13 14 15 16 17 18 19 20 0
wuf20-0996 88443 1 2 -3 -4 5 6 7 -8 9 10 11 -12 13 14 15 16 17 18 19 20 0
wuf20-0997 96515 -1 2 3 -4 5 6 7 8 9 10 11 12 13 14 15 16 -17 18 -19 20 0
wuf20-0998 106410 1 2 3 4 -5 6 7 8 9 10 11 12 13 -14 15 16 17 18 19 20 0
wuf20-0999 100576 -1 2 -3 4 5 6 -7 8 -9 10 11 -12 13 14 15 16 -17 18 19 20 0
