wuf75-01 37190 1 2 3 4 5 6 -7 8 9 10 11 -12 13 14 15 -16 17 18 -19 -20 21 -22 -23 24 -25 26 27 -28 29 -30 31 -32 33 34 35 36 -37 38 39 -40 -41 42 43 -44 -45 -46 47 -48 49 -50 -51 -52 -53 -54 -55 56 57 -58 59 60 61 62 63 64 65 -66 -67 -68 69 70 -71 72 73 74 -75 0
wuf75-010 37109 1 -2 3 4 5 6 -7 8 9 -10 11 12 13 14 -15 16 17 -18 19 20 -21 22 23 -24 25 26 27 28 29 30 -31 32 33 -34 -35 -36 37 38 39 40 41 42 -43 44 45 -46 47 -48 -49 -50 -51 52 53 54 55 56 57 58 59 60 61 62 -63 64 -65 66 -67 -68 -69 70 71 72 -73 -74 -75 0
wuf75-0100 42689 1 2 3 -4 -5 6 7 8 -9 -10 -11 12 -13 14 -15 16 17 18 19 -20 -21 22 23 -24 25 26 27 28 -29 30 31 32 33 34 -35 36 37 38 39 40 41 42 43 44 45 46 -47 48 49 50 51 52 53 54 55 56 57 -58 59 60 61 62 63 64 -65 66 67 -68 -69 70 71 72 -73 -74 75 0
wuf75-011 42532 1 2 3 4 -5 6 7 -8 9 -10 11 12 13 14 15 16 17 18 19 20 21 -22 -23 24 25 26 27 28 29 -30 31 32 33 34 35 -36 -37 -38 39 40 41 42 -43 44 45 46 -47 -48 49 50 51 -52 53 54 55 56 57 -58 -59 -60 61 -62 63 64 65 66 67 68 69 70 71 -72 -73 -74 75 0
wuf75-012 37628 1 -2 3 4 5 6 7 8 9 10 -11 12 13 -14 -15 16 17 18 19 20 -21 22 23 -24 25 -26 -27 28 29 30 31 -32 -33 34 -35 -36 37 38 39 40 -41 -42 43 -44 45 46 -47 -48 49 50 51 52 -53 54 -55 -56 57 58 59 -60 61 62 63 -64 65 66 -67 -68 -69 -70 71 72 73 74 75 0
wuf75-013 40515 -1 2 3 4 5 6 7 -8 9 10 11 -12 13 -14 15 16 17 -18 -19 20 21 22 -23 -24 25 -26 -27 28 29 30 31 32 33 34 -35 36 37 38 39 40 -41 42 43 44 45 -46 47 48 -49 50 51 52 53 -54 55 -56 -57 58 -59 60 61 -62 -63 -64 65 -66 67 68 69 70 71 -72 73 -74 75 0
wuf75-014 35192 1 2 -3 -4 -5 6 -7 -8 9 10 -11 12 13 14 -15 16 17 18 19 -20 21 22 23 24 25 26 27 -28 29 30 31 32 33 34 -35 36 37 38 -39 -40 41 42 -43 -44 -45 -46 -47 48 49 50 51 -52 -53 54 55 56 57 58 -59 -60 61 62 -63 -64 65 -66 -67 68 69 70 71 72 -73 74 75 0
wuf75-015 41565 1 2 3 4 5 -6 -7 8 -9 -10 -11 12 13 14 15 16 17 -18 19 20 21 22 -23 24 25 26 27 28 29 -30 -31 32 33 34 -35 36 -37 38 39 -40 41 42 43 -44 45 46 47 48 49 50 51 52 53 54 -55 56 57 -58 59 60 61 -62 63 64 65 -66 -67 -68 69 70 71 72 73 74 75 0
wuf75-016 42157 1 2 3 4 5 6 7 -8 9 10 11 12 13 14 -15 16 17 18 19 20 -21 22 23 -24 25 26 -27 28 29 -30 31 -32 -33 34 35 36 37 38 39 -40 -41 42 -43 44 -45 46 -47 48 -49 -50 -51 52 53 -54 -55 -56 57 58 59 60 61 62 -63 64 65 66 -67 68 -69 70 71 72 73 -74 75 0
wuf75-017 38162 1 -2 3 4 5 6 -7 8 9 -10 -11 12 13 14 15 16 17 18 19 -20 21 -22 -23 -24 25 26 -27 -28 29 30 31 -32 33 -34 -35 36 -37 38 -39 -40 -41 42 43 44 45 46 47 48 49 50 51 52 53 -54 55 56 57 58 -59 60 61 -62 63 64 65 66 67 -68 69 70 71 72 73 -74 75 0
wuf75-018 41286 1 2 3 4 5 6 7 8 9 -10 -11 12 13 14 15 16 17 -18 -19 20 -21 -22 -23 24 -25 26 27 28 -29 30 -31 32 33 34 35 36 37 -38 39 40 41 42 43 -44 45 -46 -47 48 49 50 51 -52 53 54 55 56 57 58 59 60 -61 62 63 64 65 -66 -67 -68 -69 70 71 72 73 -74 75 0
wuf75-019 38854 1 2 3 4 -5 6 -7 -8 9 -10 11 12 13 14 15 16 -17 18 19 20 21 22 -23 -24 -25 26 27 28 29 30 31 32 33 -34 35 -36 37 38 39 -40 -41 42 43 44 -45 -46 47 48 49 50 -51 52 53 54 55 56 -57 -58 -59 -60 61 62 63 64 -65 66 -67 -68 69 70 -71 72 -73 -74 75 0
wuf75-02 49068 -1 2 3 4 5 -6 7 8 -9 -10 11 12 13 14 15 16 -17 18 19 20 21 22 23 24 25 26 27 28 -29 30 -31 32 33 34 35 36 37 38 -39 -40 -41 -42 43 44 -45 -46 47 48 -49 50 -51 -52 -53 54 55 56 57 58 -59 -60 61 62 63 64 65 66 67 68 69 70 -71 72 -73 74 75 0
wuf75-020 56002 1 -2 3 4 -5 6 7 8 9 10 11 -12 13 14 -15 16 -17 18 19 20 21 -22 23 24 -25 26 27 28 29 -30 31 32 33 -34 35 36 37 38 -39 40 41 42 43 -44 -45 46 47 48 49 -50 51 -52 53 54 55 56 57 58 -59 60 61 62 63 64 65 -66 67 68 69 70 71 72 73 -74 75 0
wuf75-021 54055 1 2 3 4 -5 -6 -7 8 9 10 11 12 13 14 15 -16 17 18 19 20 21 22 23 24 25 -26 27 28 -29 30 31 32 33 -34 35 36 37 -38 39 40 41 42 43 44 45 -46 47 -48 -49 50 -51 52 53 54 55 56 57 58 59 60 -61 -62 63 64 -65 66 67 68 69 70 71 72 -73 74 75 0
wuf75-022 46197 1 2 3 4 5 -6 7 8 9 -10 11 12 13 -14 -15 16 17 18 19 20 21 -22 23 24 -25 26 27 -28 29 30 31 -32 -33 34 -35 -36 37 -38 -39 40 -41 42 43 -44 45 -46 47 -48 49 50 51 -52 -53 54 55 56 57 58 59 60 61 62 63 64 65 -66 -67 68 -69 70 71 72 73 74 -75 0
wuf75-023 49150 -1 -2 3 -4 -5 -6 -7 8 -9 10 11 -12 -13 14 15 16 17 -18 19 20 21 -22 -23 24 25 26 27 -28 29 30 31 32 33 -34 -35 -36 37 38 -39 40 41 42 43 44 45 46 47 48 -49 50 -51 52 53 54 55 -56 57 -58 59 60 61 62 63 64 65 66 67 68 69 70 71 72 73 74 75 0
wuf75-024 38469 1 2 -3 4 -5 -6 -7 -8 9 10 11 -12 13 -14 -15 16 17 -18 19 -20 -21 22 23 24 25 -26 27 -28 29 30 31 32 33 34 -35 36 37 -38 -39 -40 41 -42 43 -44 45 46 47 48 49 50 -51 52 53 -54 55 56 -57 58 59 -60 61 62 -63 -64 65 -66 67 68 69 -70 71 -72 -73 -74 75 0
wuf75-025 47096 1 2 3 4 5 -6 7 -8 -9 10 11 -12 13 14 15 16 -17 18 19 -20 -21 22 23 24 25 26 27 -28 29 30 31 32 -33 34 -35 -36 37 38 39 40 41 -42 43 44 -45 46 47 48 49 -50 51 -52 53 -54 55 56 -57 58 59 -60 61 62 63 -64 65 66 67 68 69 70 -71 72 -73 74 75 0
wuf75-026 45188 1 2 3 4 -5 6 7 8 -9 10 -11 12 -13 14 -15 16 17 -18 19 20 21 22 23 -24 25 26 27 28 -29 30 31 32 33 -34 35 -36 -37 38 39 40 41 42 43 -44 45 46 47 -48 -49 50 -51 52 53 54 55 56 57 58 59 -60 61 62 -63 -64 -65 66 -67 68 -69 -70 71 72 -73 -74 75 0
wuf75-027 43986 -1 2 3 4 -5 6 -7 8 -9 10 -11 12 13 14 15 16 17 18 19 20 -21 -22 23 24 -25 26 27 28 -29 30 31 32 -33 34 35 -36 37 -38 39 40 41 -42 43 -44 -45 46 47 -48 49 50 -51 52 53 -54 -55 56 57 -58 -59 60 -61 62 63 64 65 -66 67 -68 69 70 71 72 73 74 75 0
wuf75-028 47550 1 -2 3 4 -5 6 7 8 -9 10 11 12 13 14 -15 16 -17 18 19 20 21 22 23 24 25 26 -27 28 29 30 31 32 33 34 35 36 37 -38 -39 40 41 42 43 44 45 -46 47 48 49 50 -51 52 53 54 55 56 57 -58 -59 60 -61 -62 63 64 65 -66 67 -68 69 70 71 72 73 -74 75 0
wuf75-029 37779 -1 -2 3 -4 -5 -6 7 -8 9 10 11 12 -13 -14 -15 16 17 -18 19 20 21 22 -23 -24 -25 26 -27 28 29 30 31 -32 -33 -34 -35 -36 37 38 39 -40 41 42 43 -44 -45 46 47 48 -49 50 51 52 53 54 -55 56 -57 58 59 60 -61 62 63 64 -65 -66 67 68 69 70 -71 72 -73 -74 75 0
wuf75-03 41262 -1 -2 3 4 -5 6 -7 -8 -9 -10 11 -12 -13 14 -15 16 -17 -18 19 20 21 22 -23 24 25 26 27 -28 29 30 31 -32 33 34 -35 36 37 38 39 40 -41 42 43 44 45 -46 -47 48 49 50 51 -52 53 -54 -55 56 57 -58 59 60 61 62 63 -64 65 66 67 68 69 70 71 -72 -73 -74 -75 0
wuf75-030 41970 1 2 -3 4 5 6 -7 8 -9 -10 11 12 13 14 -15 16 17 -18 19 20 21 -22 23 -24 25 26 27 -28 29 30 -31 32 -33 -34 35 -36 -37 -38 39 40 41 42 43 -44 -45 46 47 -48 49 50 51 52 -53 54 55 56 -57 58 -59 60 -61 62 -63 64 65 -66 67 68 69 70 -71 -72 73 -74 75 0
wuf75-031 45691 1 2 3 4 5 6 -7 8 9 10 -11 12 13 14 15 -16 17 -18 -19 20 -21 22 23 24 -25 -26 -27 -28 29 -30 31 32 -33 34 -35 36 37 38 39 -40 -41 42 43 44 45 46 47 48 49 -50 -51 52 53 54 -55 56 -57 58 -59 60 61 -62 63 64 65 66 67 -68 69 -70 71 72 73 74 -75 0
wuf75-032 46256 1 2 3 -4 5 6 -7 8 9 10 -11 12 -13 14 -15 16 17 -18 19 20 21 22 23 24 25 -26 27 28 -29 30 31 32 33 34 35 -36 37 -38 39 -40 41 42 43 -44 45 46 -47 -48 49 50 -51 -52 53 54 -55 56 57 -58 59 60 -61 -62 63 64 65 -66 -67 68 -69 70 71 72 73 74 -75 0
wuf75-033 44008 1 -2 3 4 5 -6 -7 -8 -9 10 11 -12 -13 14 15 -16 -17 18 -19 20 -21 22 -23 -24 -25 26 27 28 29 30 31 -32 -33 -34 35 36 37 38 39 40 -41 42 43 -44 45 46 47 48 49 50 51 -52 53 54 -55 56 57 58 59 60 -61 62 -63 64 65 66 67 68 69 70 71 -72 73 74 75 0
wuf75-034 44702 1 -2 -3 4 5 -6 -7 8 9 10 11 12 13 14 -15 16 17 18 19 20 -21 22 -23 -24 25 26 27 28 29 30 31 32 33 34 35 36 37 38 39 40 41 42 43 44 45 -46 -47 48 -49 50 51 52 -53 54 55 56 -57 58 59 -60 61 -62 63 64 65 -66 -67 -68 -69 70 71 -72 73 -74 75 0
wuf75-035 45416 -1 -2 3 4 5 -6 -7 8 9 10 11 -12 13 14 -15 -16 17 18 -19 -20 -21 22 -23 24 25 26 27 28 -29 -30 31 32 33 -34 35 36 -37 38 39 40 41 -42 -43 44 45 46 47 48 49 50 51 52 -53 -54 -55 -56 -57 58 59 60 61 62 63 -64 65 -66 67 68 69 70 -71 72 73 74 -75 0
wuf75-036 47188 1 2 3 4 5 6 7 8 -9 10 11 12 13 14 15 16 17 -18 -19 -20 -21 22 23 24 25 26 27 28 -29 -30 31 32 33 34 35 36 37 38 -39 40 -41 42 43 -44 45 46 47 -48 -49 -50 51 52 53 54 -55 -56 57 58 59 -60 -61 -62 63 64 -65 -66 -67 68 69 70 71 -72 73 -74 75 0
wuf75-037 49320 -1 2 3 4 -5 -6 -7 8 9 -10 11 -12 -13 14 -15 16 17 18 19 20 21 22 23 24 -25 26 27 28 29 30 31 32 -33 34 35 36 -37 -38 39 40 41 42 -43 44 45 -46 47 48 49 50 51 52 -53 54 55 -56 57 58 59 -60 -61 62 63 -64 65 66 67 68 -69 70 71 72 73 74 -75 0
wuf75-038 47239 -1 2 -3 4 5 -6 -7 8 -9 10 -11 -12 13 14 -15 16 -17 -18 -19 -20 21 22 23 24 25 26 27 28 29 -30 31 32 -33 34 35 36 -37 -38 -39 40 41 -42 43 44 45 46 47 -48 -49 50 -51 52 53 -54 55 56 57 -58 -59 60 61 62 63 64 65 66 67 -68 69 70 71 -72 73 -74 -75 0
wuf75-039 48531 1 2 3 4 5 -6 -7 8 -9 10 11 12 13 14 15 -16 17 -18 19 20 -21 -22 23 24 25 26 -27 28 29 30 31 32 33 34 -35 36 37 38 39 40 41 42 43 44 -45 46 -47 48 -49 -50 -51 52 53 -54 -55 56 57 -58 -59 -60 61 -62 63 -64 65 66 -67 68 -69 70 71 72 73 74 75 0
wuf75-04 51789 -1 2 3 -4 -5 6 7 8 9 10 11 12 13 14 15 16 17 -18 19 20 -21 22 23 24 25 -26 27 28 29 -30 31 32 33 34 -35 36 -37 38 39 40 -41 -42 43 -44 45 46 -47 48 49 50 51 -52 -53 54 -55 56 57 -58 -59 60 61 62 63 64 65 -66 67 68 69 70 -71 72 -73 74 75 0
wuf75-040 40973 1 -2 -3 4 5 -6 7 8 9 -10 11 -12 13 14 15 16 17 -18 -19 20 21 22 23 -24 25 26 -27 28 -29 30 -31 32 33 34 35 -36 -37 38 -39 40 41 42 43 -44 -45 -46 47 48 49 -50 51 52 53 -54 55 -56 57 58 -59 -60 61 -62 -63 64 65 66 67 -68 -69 -70 71 72 73 -74 -75 0
wuf75-041 48258 -1 -2 3 4 -5 6 7 8 -9 -10 11 12 13 14 15 16 17 18 19 20 21 -22 -23 24 25 26 -27 -28 29 30 -31 32 33 -34 35 36 37 -38 39 40 41 42 43 44 -45 46 47 48 49 -50 -51 -52 53 54 55 56 -57 58 59 -60 61 62 63 64 65 -66 -67 -68 69 -70 71 -72 73 74 75 0
wuf75-042 41293 -1 -2 3 4 -5 6 7 8 9 -10 11 -12 -13 14 15 -16 -17 18 19 -20 -21 22 23 -24 -25 26 27 28 -29 30 -31 -32 33 34 -35 -36 37 38 -39 -40 -41 -42 43 44 45 46 47 48 49 50 51 -52 53 -54 55 56 57 58 59 -60 -61 62 63 64 65 -66 67 -68 -69 70 71 72 73 74 -75 0
wuf75-043 57651 1 2 3 4 5 6 7 8 -9 10 11 12 13 14 15 16 17 18 19 20 21 22 -23 24 25 -26 -27 28 29 30 31 32 33 34 -35 -36 37 38 -39 40 41 42 43 -44 45 46 47 48 49 50 51 52 53 54 55 -56 -57 58 59 60 -61 62 63 64 65 66 67 68 -69 70 71 72 -73 74 75 0
wuf75-044 41006 -1 -2 3 4 5 -6 -7 -8 -9 -10 -11 12 -13 14 -15 16 -17 -18 19 -20 21 22 23 24 25 26 27 28 -29 30 31 -32 33 34 35 36 37 38 39 40 -41 42 -43 -44 45 46 -47 -48 49 50 51 52 -53 54 55 56 57 58 59 60 -61 62 -63 64 -65 66 -67 68 69 -70 -71 -72 73 -74 75 0
wuf75-045 43353 1 2 -3 -4 5 6 7 -8 9 -10 -11 -12 13 14 15 16 17 18 19 20 -21 -22 23 -24 25 26 27 28 -29 -30 31 32 33 34 35 36 37 -38 39 -40 41 -42 -43 44 -45 46 47 -48 49 -50 51 52 -53 54 55 56 57 58 59 60 -61 62 -63 64 -65 66 67 68 69 -70 -71 -72 -73 74 75 0
wuf75-046 45277 1 -2 -3 4 -5 -6 7 8 9 10 11 12 -13 14 -15 -16 17 -18 19 20 21 22 23 24 25 26 -27 28 29 30 31 32 -33 34 35 36 37 38 39 -40 -41 42 43 44 45 -46 -47 -48 -49 -50 51 -52 53 54 -55 56 -57 58 -59 60 61 62 63 64 65 66 -67 -68 -69 70 -71 72 73 74 -75 0
wuf75-047 42130 1 2 3 4 5 6 7 -8 -9 10 -11 12 13 14 -15 -16 -17 -18 19 20 -21 -22 23 24 -25 26 -27 28 -29 30 31 32 33 34 35 36 37 38 -39 40 41 42 43 44 45 46 -47 48 49 50 51 -52 -53 54 -55 56 -57 58 59 -60 -61 62 63 64 65 66 -67 68 69 70 -71 72 73 74 -75 0
wuf75-048 46480 1 2 3 4 5 6 -7 8 -9 10 11 -12 -13 14 -15 16 17 18 19 20 -21 -22 23 24 25 26 -27 -28 -29 30 31 32 33 -34 35 36 37 -38 -39 -40 41 42 43 44 45 46 47 48 49 50 51 -52 53 -54 -55 -56 57 58 59 60 61 -62 63 -64 65 66 67 68 -69 70 71 72 -73 -74 75 0
wuf75-049 45888 1 -2 3 -4 -5 6 -7 8 -9 10 11 12 13 14 15 16 17 18 19 20 -21 22 23 24 25 -26 27 28 29 -30 31 32 -33 34 35 36 37 38 39 40 41 42 43 44 45 -46 47 48 -49 50 51 -52 53 -54 55 56 -57 58 59 60 -61 62 63 64 -65 66 67 68 69 70 -71 -72 -73 -74 75 0
wuf75-05 47997 -1 2 -3 -4 5 6 7 8 9 10 11 12 13 14 15 16 -17 18 -19 20 21 22 23 24 -25 -26 -27 28 29 -30 31 32 33 34 35 36 37 -38 39 40 -41 42 43 44 -45 46 47 -48 49 -50 51 52 -53 -54 55 56 57 58 59 60 -61 -62 -63 64 65 66 67 68 69 70 71 -72 -73 -74 75 0
wuf75-050 45130 1 2 3 -4 -5 6 -7 -8 -9 10 11 -12 13 14 -15 16 17 18 -19 20 21 22 23 24 25 26 27 28 29 30 31 32 33 34 35 36 37 38 39 40 41 42 -43 -44 45 46 47 -48 -49 -50 51 52 53 -54 -55 -56 57 -58 -59 60 -61 62 63 64 65 66 67 -68 -69 -70 71 -72 -73 74 75 0
wuf75-051 50380 -1 2 3 4 5 -6 -7 8 9 -10 11 12 13 14 15 16 17 18 19 -20 21 22 -23 24 -25 -26 -27 28 29 30 31 -32 33 34 -35 36 37 38 39 40 41 42 -43 44 45 46 47 -48 49 50 51 52 53 -54 55 56 57 -58 -59 -60 61 62 63 64 -65 66 67 68 69 70 71 -72 73 -74 -75 0
wuf75-052 39215 -1 2 -3 4 5 6 -7 -8 9 10 11 12 13 -14 -15 16 17 18 -19 20 21 22 -23 24 -25 26 27 28 -29 -30 31 32 -33 -34 -35 36 -37 38 39 40 41 -42 43 -44 45 -46 -47 -48 49 -50 -51 52 -53 -54 55 56 57 58 59 60 61 62 -63 64 -65 66 -67 68 69 70 71 -72 73 -74 75 0
wuf75-053 54641 1 2 -3 -4 5 -6 7 8 9 10 11 12 13 14 15 16 17 -18 19 20 -21 22 23 24 25 -26 27 28 -29 30 31 32 33 34 35 36 -37 38 -39 -40 -41 -42 43 44 45 46 47 48 -49 50 -51 52 53 -54 -55 56 57 58 59 60 61 -62 -63 64 65 66 67 68 69 70 71 72 73 74 -75 0
wuf75-054 41693 -1 2 3 4 5 -6 -7 -8 9 -10 -11 -12 13 14 -15 16 17 18 -19 -20 21 22 23 24 25 26 27 -28 29 -30 31 -32 33 34 35 36 -37 -38 39 40 41 42 43 44 45 46 47 48 49 50 51 52 -53 54 55 56 -57 -58 -59 60 61 62 -63 -64 -65 -66 -67 -68 69 70 71 -72 73 74 -75 0
wuf75-055 43677 1 2 -3 4 5 -6 7 8 9 10 -11 12 13 14 15 16 -17 18 -19 -20 21 22 23 24 -25 26 27 -28 29 30 -31 -32 33 34 -35 36 37 38 39 40 -41 -42 -43 44 45 -46 47 -48 -49 -50 51 -52 -53 54 55 56 57 -58 59 60 -61 62 63 64 -65 66 67 68 -69 -70 -71 72 73 74 -75 0
wuf75-056 42586 1 -2 3 -4 -5 6 7 -8 -9 10 11 12 13 14 -15 -16 17 -18 19 20 21 -22 23 24 25 26 27 -28 29 30 -31 32 33 34 -35 -36 37 38 -39 40 41 42 43 44 45 46 -47 48 -49 -50 51 52 -53 54 55 56 57 -58 -59 60 61 -62 -63 64 65 -66 67 -68 69 70 -71 72 73 74 -75 0
wuf75-057 46664 1 2 3 4 5 6 -7 8 -9 10 -11 12 13 -14 15 16 17 18 19 20 21 22 -23 -24 25 -26 27 28 -29 30 -31 32 33 34 35 36 37 -38 39 -40 -41 -42 -43 44 -45 -46 47 48 49 50 -51 52 -53 -54 55 56 -57 58 59 60 61 62 63 64 -65 66 67 68 69 70 -71 72 73 -74 -75 0
wuf75-058 48918 1 2 3 -4 -5 6 7 8 9 10 11 12 13 -14 -15 -16 17 -18 19 20 21 22 23 -24 25 26 27 -28 -29 30 31 32 33 -34 35 36 -37 38 39 40 41 42 43 -44 45 -46 -47 -48 49 50 51 52 53 -54 55 56 57 58 59 60 61 62 63 64 65 66 67 -68 69 70 71 72 -73 -74 75 0
wuf75-059 58871 1 -2 -3 4 5 6 7 -8 9 10 11 12 13 14 -15 16 17 -18 19 20 21 22 23 -24 25 26 27 28 29 30 -31 -32 33 34 35 36 37 38 39 40 41 42 43 44 45 46 47 48 49 50 -51 -52 53 54 55 56 57 58 59 -60 61 62 63 64 65 66 67 -68 69 70 71 72 73 74 75 0
wuf75-06 47520 1 -2 -3 -4 5 6 7 8 -9 10 -11 12 13 14 15 16 -17 -18 19 -20 21 22 23 -24 -25 26 27 28 -29 30 -31 32 33 34 35 36 37 38 39 40 41 42 43 -44 -45 46 47 -48 -49 50 51 52 53 54 55 56 -57 58 59 60 61 62 63 -64 65 66 67 68 69 70 71 -72 -73 74 -75 0
wuf75-060 43959 1 2 -3 4 5 -6 -7 8 -9 -10 -11 12 13 -14 15 -16 17 -18 19 20 -21 -22 23 -24 -25 26 -27 -28 29 -30 -31 -32 33 34 -35 36 37 38 39 40 -41 -42 -43 44 45 46 47 48 -49 50 51 52 -53 54 55 56 57 58 59 -60 61 62 63 64 65 66 67 -68 -69 70 71 72 73 74 75 0
wuf75-061 53945 1 2 3 -4 5 6 7 8 9 10 -11 12 13 14 15 16 -17 18 -19 20 21 -22 23 -24 25 26 27 -28 -29 30 -31 32 33 34 35 -36 -37 38 39 40 41 42 43 44 45 46 -47 48 49 50 -51 -52 53 -54 55 56 57 58 59 60 -61 62 63 64 65 66 67 -68 69 70 71 72 73 -74 -75 0
wuf75-062 50251 1 2 -3 4 5 6 7 8 9 -10 11 12 13 14 15 16 17 18 19 -20 -21 22 -23 -24 25 -26 27 28 29 30 31 32 -33 34 -35 36 37 -38 -39 40 -41 -42 43 44 45 46 47 -48 49 -50 51 -52 53 54 -55 56 57 58 -59 60 -61 62 -63 64 65 -66 67 -68 69 70 71 72 73 74 75 0
wuf75-063 51998 1 2 3 4 5 6 -7 8 9 -10 -11 -12 -13 14 15 -16 -17 18 19 20 21 22 23 24 25 26 -27 -28 29 -30 31 -32 33 -34 35 36 37 38 -39 40 -41 42 -43 44 45 -46 47 48 49 50 51 -52 53 54 55 56 57 58 59 60 61 62 63 64 65 -66 67 -68 69 70 71 72 -73 74 75 0
wuf75-064 42036 -1 2 3 -4 5 6 -7 -8 9 10 11 12 -13 14 -15 16 17 -18 19 -20 -21 -22 23 -24 -25 26 27 28 29 -30 -31 32 33 34 35 36 37 -38 39 40 41 42 -43 44 45 46 47 48 49 -50 -51 52 53 -54 55 -56 57 58 59 60 61 62 -63 64 65 66 -67 68 69 70 -71 -72 73 -74 -75 0
wuf75-065 40847 1 -2 3 4 5 6 7 8 -9 -10 -11 12 -13 -14 15 -16 17 18 19 -20 21 -22 23 24 -25 26 27 28 29 -30 31 -32 33 -34 -35 -36 -37 -38 -39 40 41 -42 43 44 45 46 47 -48 49 -50 51 52 53 54 55 -56 57 -58 59 -60 61 62 -63 64 65 -66 67 -68 69 70 71 -72 73 74 75 0
wuf75-066 43609 -1 2 3 4 -5 -6 7 8 -9 -10 11 12 13 -14 15 16 17 -18 19 20 -21 22 23 24 25 -26 27 28 29 -30 -31 -32 33 34 -35 -36 37 -38 39 40 41 42 43 44 45 46 47 48 49 50 -51 -52 53 54 55 -56 57 -58 59 60 61 62 63 64 65 66 67 -68 -69 70 71 -72 -73 -74 75 0
wuf75-067 37831 1 -2 3 4 -5 6 7 -8 -9 10 -11 12 -13 -14 -15 16 17 18 -19 -20 21 -22 -23 24 -25 -26 27 -28 -29 30 31 -32 33 34 -35 36 -37 38 -39 40 -41 -42 43 44 45 46 47 -48 -49 50 51 -52 -53 54 -55 -56 57 58 59 -60 61 62 63 64 65 66 -67 68 69 70 71 72 73 74 -75 0
wuf75-068 47829 -1 2 3 -4 -5 6 7 -8 9 10 11 12 13 14 -15 -16 -17 -18 -19 -20 -21 22 23 24 25 26 27 28 29 30 31 32 33 -34 35 36 -37 38 39 40 41 42 43 44 45 46 -47 -48 49 -50 51 52 53 54 -55 -56 -57 58 59 60 61 62 -63 64 65 66 67 68 69 70 71 -72 73 74 -75 0
wuf75-069 46550 1 -2 3 -4 5 6 7 8 -9 10 11 12 -13 -14 15 16 17 -18 19 -20 21 22 23 -24 25 26 27 -28 29 30 31 32 33 34 -35 36 37 -38 39 40 41 -42 43 -44 -45 46 47 48 -49 -50 -51 -52 53 54 55 56 -57 58 59 -60 -61 -62 63 64 -65 -66 67 68 69 70 71 72 73 74 75 0
wuf75-07 45792 -1 2 -3 -4 5 6 -7 -8 -9 10 -11 12 13 14 15 -16 17 18 -19 -20 21 22 23 24 -25 26 -27 28 29 -30 31 32 33 -34 35 -36 37 38 39 40 41 42 43 -44 45 46 47 48 -49 -50 51 52 -53 54 55 56 -57 58 59 60 -61 -62 63 64 65 66 -67 -68 69 -70 71 -72 73 74 75 0
wuf75-070 51914 -1 -2 3 -4 5 6 7 8 9 10 11 12 13 -14 15 16 17 18 19 20 21 22 23 24 25 26 27 28 29 -30 31 32 33 34 -35 36 37 -38 -39 40 -41 42 43 44 -45 -46 47 -48 49 -50 51 52 53 54 55 56 57 58 59 -60 -61 62 63 64 65 66 67 -68 69 70 71 72 -73 74 75 0
wuf75-071 35975 -1 2 -3 -4 5 6 -7 8 9 10 11 12 13 14 15 -16 -17 18 19 20 21 -22 23 24 25 26 -27 28 29 -30 -31 -32 -33 -34 35 36 37 38 39 -40 -41 -42 43 44 45 46 47 -48 49 -50 -51 52 53 54 -55 -56 57 58 -59 -60 61 62 -63 64 65 66 67 -68 69 -70 -71 72 73 -74 75 0
wuf75-072 40840 1 2 -3 -4 5 6 7 8 -9 10 11 -12 13 14 15 16 -17 -18 -19 -20 21 22 23 -24 -25 26 -27 -28 -29 30 31 32 33 -34 35 -36 37 38 39 -40 -41 -42 43 44 45 46 47 -48 49 50 51 52 53 54 -55 56 -57 -58 -59 60 61 62 63 64 65 66 -67 68 69 -70 71 72 -73 74 75 0
wuf75-073 42734 1 2 3 4 5 -6 7 8 -9 10 11 12 -13 14 -15 16 -17 -18 19 20 -21 22 -23 24 -25 26 27 28 29 30 31 32 -33 -34 35 36 37 38 39 40 41 42 -43 44 45 -46 47 48 49 -50 -51 52 53 54 55 -56 -57 58 59 -60 61 62 63 64 65 66 -67 68 69 -70 -71 -72 73 74 75 0
wuf75-074 43563 1 -2 -3 4 5 6 7 8 -9 10 11 12 -13 -14 15 16 -17 -18 19 -20 21 22 23 24 25 26 -27 28 29 30 -31 32 33 34 35 36 37 -38 -39 40 41 -42 -43 -44 45 46 47 -48 49 -50 -51 52 -53 54 -55 56 -57 -58 59 60 61 -62 -63 -64 -65 66 67 68 69 70 71 72 73 -74 75 0
wuf75-075 43867 1 -2 3 4 5 6 -7 -8 -9 -10 11 -12 -13 14 15 16 17 18 19 20 21 22 23 24 25 26 -27 28 29 30 31 32 33 34 -35 36 37 -38 39 40 41 -42 43 44 45 -46 -47 -48 49 50 -51 52 -53 54 55 -56 57 58 -59 60 61 62 -63 64 65 -66 -67 -68 69 70 -71 -72 73 74 -75 0
wuf75-076 43848 1 2 3 -4 5 -6 -7 8 -9 10 11 -12 -13 14 15 16 -17 18 -19 20 21 22 23 24 25 26 27 28 -29 -30 31 32 -33 -34 -35 36 37 38 39 40 41 42 -43 -44 45 46 -47 48 -49 -50 -51 -52 53 54 -55 -56 -57 58 -59 60 61 -62 63 64 65 66 67 68 69 70 71 72 -73 74 75 0
wuf75-077 52630 -1 2 3 4 -5 6 -7 8 9 10 11 12 13 14 -15 16 -17 18 19 20 21 22 23 24 25 -26 27 28 29 30 31 32 -33 34 35 36 37 38 -39 40 41 -42 43 -44 -45 46 47 -48 49 50 51 52 -53 54 55 56 -57 58 -59 -60 -61 62 63 64 65 66 67 68 -69 70 71 -72 73 74 75 0
wuf75-078 52633 1 2 3 4 -5 6 -7 8 9 10 -11 12 13 14 15 16 17 -18 19 20 -21 -22 23 24 -25 -26 27 28 -29 30 31 32 33 34 -35 36 37 38 39 40 41 42 -43 44 -45 46 47 48 -49 -50 51 -52 53 -54 55 -56 57 58 59 -60 61 62 63 64 65 66 67 68 -69 70 71 -72 -73 74 75 0
wuf75-079 43785 1 -2 -3 -4 5 6 -7 -8 9 10 11 12 -13 14 -15 16 17 18 -19 20 21 -22 23 24 -25 -26 27 28 29 30 -31 32 -33 34 35 -36 37 38 -39 40 41 42 43 44 45 46 47 48 49 -50 51 52 -53 54 55 -56 57 58 59 -60 61 62 -63 -64 65 66 -67 68 -69 -70 71 -72 73 -74 75 0
wuf75-08 47530 1 2 3 4 5 -6 7 8 -9 10 11 12 -13 14 -15 16 17 -18 -19 -20 21 -22 -23 -24 25 -26 -27 28 29 -30 -31 32 -33 -34 -35 36 -37 38 39 40 41 -42 43 44 45 46 47 48 49 50 51 -52 53 54 55 56 57 58 59 60 61 -62 63 -64 65 66 67 68 69 70 71 -72 73 74 75 0
wuf75-080 46923 1 -2 3 4 5 6 7 -8 9 10 -11 12 -13 14 -15 16 17 18 -19 20 21 22 23 24 25 -26 27 -28 -29 30 31 32 33 34 -35 -36 37 -38 -39 40 41 -42 43 44 45 -46 47 48 49 -50 -51 -52 53 54 55 56 -57 58 59 60 61 62 63 -64 65 66 67 68 69 -70 71 72 73 74 -75 0
wuf75-081 37293 -1 2 -3 4 5 -6 7 -8 9 -10 -11 -12 -13 -14 15 16 17 -18 19 -20 21 -22 23 -24 -25 26 -27 28 -29 30 -31 32 33 34 -35 36 37 38 -39 -40 -41 42 43 -44 -45 46 47 -48 49 -50 51 52 53 -54 55 56 57 58 -59 -60 61 62 -63 64 -65 66 67 -68 69 70 -71 -72 73 -74 75 0
wuf75-082 41798 -1 -2 3 -4 -5 6 -7 8 9 -10 -11 12 13 14 -15 16 17 18 19 -20 21 -22 23 -24 25 26 27 28 29 30 31 -32 -33 34 35 -36 37 38 39 -40 -41 -42 -43 44 45 46 47 48 49 50 51 -52 53 -54 55 56 57 -58 59 -60 61 62 63 64 65 66 -67 68 -69 -70 71 72 -73 74 75 0
wuf75-083 42756 1 2 3 -4 5 -6 7 -8 9 10 11 12 -13 14 15 16 -17 -18 -19 20 21 -22 -23 24 25 26 -27 28 29 -30 -31 32 33 34 -35 36 -37 -38 39 40 -41 42 43 44 45 -46 47 48 49 50 51 52 53 54 55 -56 57 -58 -59 -60 61 62 -63 64 -65 66 -67 68 69 -70 71 -72 73 -74 -75 0
wuf75-084 49402 1 2 -3 4 5 6 -7 8 -9 -10 11 12 13 14 -15 16 17 -18 -19 20 -21 22 -23 24 25 26 27 -28 29 30 31 32 33 34 35 36 37 38 39 40 41 -42 43 44 -45 46 -47 48 49 50 -51 -52 53 54 55 56 -57 58 -59 -60 -61 -62 63 64 65 -66 -67 -68 69 70 71 72 73 74 -75 0
wuf75-085 37368 -1 2 3 -4 5 6 7 -8 -9 -10 11 12 -13 -14 -15 16 17 -18 19 20 21 -22 23 24 25 -26 27 28 29 30 31 -32 33 34 35 -36 37 38 39 -40 41 42 -43 44 -45 -46 -47 48 -49 -50 -51 -52 -53 54 55 56 57 58 -59 60 61 62 -63 64 -65 66 -67 68 69 70 71 -72 -73 74 -75 0
wuf75-086 57560 1 -2 3 4 5 6 7 8 9 10 11 12 -13 14 -15 16 17 18 19 20 -21 22 23 24 25 26 27 28 29 -30 31 32 33 34 -35 36 37 -38 39 40 41 42 43 -44 45 46 47 -48 49 50 -51 52 53 54 -55 56 -57 58 59 -60 61 62 63 64 65 66 -67 68 -69 70 71 72 73 74 75 0
wuf75-087 51841 1 2 -3 4 -5 6 -7 8 9 -10 11 12 13 -14 15 16 -17 18 -19 20 21 22 23 24 25 26 -27 28 29 -30 31 -32 33 -34 35 -36 -37 38 -39 40 41 42 43 44 45 46 47 48 -49 50 -51 52 53 54 55 -56 57 58 59 60 61 62 63 64 65 66 67 68 -69 70 71 72 73 74 75 0
wuf75-088 53349 1 -2 3 4 5 6 -7 8 -9 -10 11 12 -13 14 15 16 17 18 -19 20 21 -22 23 -24 25 26 27 -28 29 30 -31 32 33 34 -35 36 37 38 39 40 41 -42 43 -44 45 46 47 -48 49 50 51 52 53 54 55 56 57 58 59 -60 -61 62 63 64 65 66 67 68 69 -70 71 72 73 74 75 0
wuf75-089 43458 1 -2 3 -4 -5 -6 7 8 9 10 11 12 13 -14 -15 -16 -17 -18 19 20 21 22 23 24 25 -26 27 28 29 -30 31 -32 33 34 35 -36 37 38 39 40 41 42 -43 -44 -45 46 47 48 49 50 51 52 53 54 -55 56 -57 -58 59 -60 61 62 -63 -64 65 66 -67 68 69 70 71 72 73 -74 75 0
wuf75-09 45474 1 2 3 4 5 6 7 8 9 -10 11 12 -13 14 -15 -16 -17 18 -19 -20 21 -22 -23 24 25 -26 27 28 29 30 31 32 -33 -34 -35 36 37 38 39 40 41 42 -43 44 45 46 47 48 49 -50 51 -52 -53 -54 55 56 57 58 -59 60 61 62 63 64 -65 66 -67 68 69 70 71 72 73 74 75 0
wuf75-090 39113 1 2 3 -4 5 -6 7 8 9 10 11 12 13 -14 15 -16 17 -18 19 20 -21 -22 23 -24 25 -26 27 28 -29 -30 31 -32 33 -34 35 -36 -37 -38 -39 40 -41 -42 43 44 45 -46 47 48 49 50 51 52 -53 54 -55 56 57 58 -59 -60 61 62 -63 -64 65 66 67 68 69 70 71 -72 -73 74 75 0
wuf75-091 45238 1 2 -3 4 5 6 7 8 -9 -10 11 12 13 14 15 16 17 18 -19 -20 21 -22 -23 -24 25 26 27 -28 29 30 31 -32 -33 34 35 36 -37 38 39 40 -41 -42 43 -44 45 46 -47 48 49 50 -51 52 53 54 55 -56 57 -58 59 -60 61 62 63 -64 -65 66 67 68 69 70 71 72 73 -74 75 0
wuf75-092 49112 1 2 3 4 5 -6 7 8 -9 10 11 -12 13 14 15 16 17 18 19 -20 21 22 23 24 25 26 27 -28 29 30 31 32 33 -34 35 36 37 -38 -39 -40 -41 42 43 -44 -45 46 47 48 49 50 -51 -52 53 54 -55 56 57 58 59 60 -61 62 63 64 65 -66 -67 -68 69 -70 71 72 -73 74 -75 0
wuf75-093 40344 1 -2 3 -4 -5 -6 7 8 9 10 -11 12 13 14 15 16 17 18 19 20 -21 22 -23 24 25 -26 27 28 29 30 -31 -32 33 34 35 -36 37 38 -39 -40 -41 42 -43 -44 45 46 47 48 -49 -50 51 52 53 54 -55 -56 57 58 59 -60 61 -62 63 64 65 66 67 68 -69 70 -71 72 -73 -74 75 0
wuf75-094 44110 -1 2 3 4 -5 6 -7 8 9 10 -11 -12 -13 14 -15 16 17 18 19 20 21 22 23 -24 25 -26 -27 28 29 30 31 -32 33 34 35 -36 37 38 39 40 41 42 43 -44 -45 46 -47 48 49 50 51 52 -53 -54 -55 56 57 -58 -59 60 61 -62 63 64 65 66 67 -68 -69 70 71 72 73 -74 -75 0
wuf75-095 45040 1 2 3 -4 5 6 -7 8 9 -10 11 -12 -13 14 15 16 17 -18 19 20 21 22 23 -24 25 -26 -27 -28 -29 30 31 32 -33 34 -35 -36 37 38 -39 40 41 42 43 44 45 -46 47 48 -49 -50 51 52 53 -54 55 56 57 -58 -59 -60 61 62 63 -64 65 66 67 -68 69 70 -71 72 73 74 -75 0
wuf75-096 46910 1 -2 3 4 -5 -6 7 8 9 -10 11 -12 13 -14 -15 16 17 -18 19 20 21 -22 -23 -24 25 26 -27 28 -29 30 -31 32 33 34 -35 36 37 38 39 40 41 42 -43 44 45 -46 47 48 49 50 -51 52 53 54 55 -56 57 58 -59 60 -61 62 63 64 65 -66 67 68 69 70 71 72 73 -74 75 0
wuf75-097 44674 -1 -2 3 4 -5 -6 7 8 9 10 -11 12 13 14 -15 16 17 18 19 20 21 -22 23 24 -25 26 27 28 -29 -30 31 32 33 34 35 36 -37 38 -39 -40 -41 -42 43 44 -45 46 -47 48 49 -50 51 52 53 54 55 -56 57 58 59 60 61 62 63 64 65 -66 67 68 -69 70 71 72 73 -74 -75 0
wuf75-098 42736 -1 -2 -3 -4 5 6 7 -8 9 10 -11 12 13 14 15 16 17 18 19 20 -21 -22 -23 24 25 -26 27 28 29 30 31 32 -33 34 -35 36 37 -38 39 -40 -41 42 43 44 45 46 -47 -48 -49 50 -51 52 53 54 -55 56 57 -58 59 60 61 62 63 -64 65 66 67 68 -69 -70 -71 72 73 74 -75 0
wuf75-099 43415 1 2 -3 -4 5 6 7 -8 9 10 11 -12 13 14 15 16 -17 18 19 20 21 22 23 -24 -25 26 27 -28 -29 30 -31 32 33 -34 -35 36 -37 38 39 40 -41 -42 -43 -44 45 -46 47 48 49 50 51 52 53 -54 55 -56 57 -58 -59 -60 61 62 -63 64 65 66 67 -68 69 70 -71 72 73 74 -75 0
